          16   5.0000000000000000      -0.42926785714285715        8.5035714285714284E-002   9.8361053877551119E-002   1.1409519740513394E-002   3.9273408321397645E-004
          16   4.7999999999999998      -0.44726004464285712        8.5841517857142863E-002  0.10857679544392651        1.1474260602678572E-002   3.8281731307506563E-004
          16   4.5999999999999996      -0.47067968750000000        9.0239955357142854E-002  0.12145884006633138        1.2745622907366071E-002   4.7758781590632028E-004
          16   4.4000000000000004      -0.49852790178571427        9.5496093749999997E-002  0.13669816525170222        1.4228563581194197E-002   5.9755403628306729E-004
          16   4.2000000000000002      -0.52368303571428576        9.8234933035714289E-002  0.15335847476745706        1.5156184605189731E-002   6.6845837900681153E-004
          16   4.0000000000000000      -0.55789062499999997       0.10443415178571429       0.17350659877232211        1.7124537876674107E-002   8.7394496425986291E-004
          16   3.7999999999999998      -0.59160379464285717       0.11014787946428571       0.19245426339727292        1.9045571463448662E-002   1.0804946542318377E-003
          16   3.5999999999999996      -0.63451004464285710       0.11927008928571428       0.22142952016310072        2.2019365583147321E-002   1.3573549927345344E-003
          16   3.3999999999999999      -0.68308928571428573       0.13096986607142858       0.27163649548054469        2.6820975167410714E-002   2.1183348521590234E-003
          16   3.2000000000000002      -0.74909709821428572       0.15242075892857143       0.32959344105623062        3.5631269182477679E-002   3.5203903205692768E-003
          16   3.0000000000000000      -0.81871763392857144       0.16755580357142857       0.39638796623441092        4.3164733886718751E-002   5.0980696215161252E-003
          16   2.7999999999999998      -0.91100669642857146       0.21332756696428570       0.55680719605762963        6.8941515241350448E-002   1.2432302030335579E-002
          16   2.5999999999999996       -1.0418147321428572       0.29806696428571428       0.79790893894909087       0.12846924700055803        3.7079593029937574E-002
          16   2.3999999999999999       -1.2455725446428572       0.49618582589285715        1.4362048318253016       0.30740877423967633       0.14872587880678476     
          16   2.3900000000000001       -1.2675245535714286       0.53009319196428573        1.5036494313985811       0.33990765816824775       0.17164735364142272     
          16   2.3800000000000003       -1.2675055803571429       0.52132533482142862        1.4478713214915282       0.32777721732003351       0.16022009853566332     
          16   2.3700000000000001       -1.2850792410714287       0.53282031249999995        1.4916337938763240       0.34717472621372769       0.17986932546272874     
          16   2.3600000000000003       -1.3129720982142856       0.57455189732142853        1.5626155983222934       0.38608919416155135       0.20721848716240909     
          16   2.3500000000000001       -1.3143906249999999       0.56825892857142857        1.4823312310030461       0.37865328543526788       0.19989899644787823     
          16   2.3400000000000003       -1.3305267857142857       0.58282031249999999        1.5947088046263838       0.39812513950892858       0.21821192910309348     
          16   2.3300000000000001       -1.3287734375000000       0.56817968750000003        1.5395309038038527       0.38286482456752230       0.20734803903368967     
          16   2.3200000000000003       -1.3717968750000000       0.62740680803571425        1.5901659393180836       0.44801458304268971       0.25996197606649785     
          16   2.3100000000000001       -1.3672868303571428       0.62284095982142862        1.5083125133978676       0.43637388828822543       0.24627099974480057     
          16   2.3000000000000003       -1.4051674107142857       0.66002232142857142        1.6576262429593744       0.48773815046037944       0.29809132828297358     
          16   2.2900000000000000       -1.4119040178571429       0.66775223214285717        1.6203590971914337       0.49065471540178573       0.29828978340540613     
          16   2.2800000000000002       -1.4330703124999999       0.69501060267857140        1.5593171770056942       0.52411791556222098       0.32745713038715935     
          16   2.2700000000000000       -1.4601595982142856       0.72512723214285713        1.5466371392783169       0.55848386056082588       0.35936521242292863     
          16   2.2600000000000002       -1.4674341517857143       0.72587611607142855        1.5771487861201396       0.56533067103794643       0.36911418194536649     
          16   2.2500000000000000       -1.4630491071428571       0.70906752232142856        1.6135011549508762       0.54472653198242182       0.35134039785313820     
          16   2.2400000000000002       -1.4998917410714285       0.75986718750000004        1.3814376323275690       0.60332762799944195       0.40439888904084054     
          16   2.2300000000000000       -1.5201261160714286       0.78341517857142862        1.2151119854688985       0.62943205043247763       0.42684641990544542     
          16   2.2200000000000002       -1.5340770089285714       0.79342243303571425        1.1711754357475750       0.64328287615094870       0.44152989186053831     
          16   2.2100000000000000       -1.5423560267857144       0.79428236607142855        1.2515648183437751       0.64779214913504468       0.45103145991478649     
          16   2.2000000000000002       -1.5423292410714287       0.79341350446428571        1.1990647579034006       0.64564554704938615       0.44700638173972923     
          16   2.0000000000000000       -1.7413236607142857       0.90861718749999998       0.76447233131378312       0.82884699358258929       0.69651050350069998     
          16   1.8000000000000003       -1.8593906250000001       0.95698437500000000       0.42412090222658644       0.91658330426897316       0.84281036781732521     
          16   1.6000000000000001       -1.9278850446428570       0.97953069196428566       0.26471766569180483       0.95975086757114958       0.92213672967015636     
          16   1.4000000000000001       -1.9680993303571428       0.99139397321428568       0.14396119309017005       0.98295390973772323       0.96655423854185007     
          16   1.2000000000000002       -1.9884229910714286       0.99698772321428575        6.7569903052265706E-002  0.99401183210100441       0.98816696305732643     
          16   1.0000000000000000       -1.9973292410714285       0.99931863839285717        2.1812356824057133E-002  0.99864348057338170       0.99731151679238039     
          16  0.80000000000000004       -1.9995703124999999       0.99989229910714283        5.4297746931553084E-003  0.99978546578543526       0.99957437317153175     
          16  0.60000000000000009       -1.9999888392857144       0.99999720982142859        2.4792729568111495E-004  0.99999444144112726       0.99998896939546933     
          16  0.40000000000000013       -2.0000000000000000        1.0000000000000000        0.0000000000000000        1.0000000000000000        1.0000000000000000     
          16  0.20000000000000018       -2.0000000000000000        1.0000000000000000        0.0000000000000000        1.0000000000000000        1.0000000000000000     
          32   5.0000000000000000      -0.42846400669642859        4.1910016741071428E-002   9.7120069435585488E-002   2.7532493046351840E-003   2.2295881109520062E-005
          32   4.7999999999999998      -0.44946791294642857        4.3491350446428573E-002  0.10839708306967788        2.9905488150460380E-003   2.7655795904658069E-005
          32   4.5999999999999996      -0.47097070312500000        4.5358119419642857E-002  0.11852606356438207        3.2744214194161550E-003   3.3118033290000832E-005
          32   4.4000000000000004      -0.49654575892857145        4.6011160714285716E-002  0.13176275543145852        3.3297337123325893E-003   3.2876793627760238E-005
          32   4.2000000000000002      -0.52560379464285711        4.9269531249999998E-002  0.14760033934066996        3.8023681640625001E-003   4.3417399657690630E-005
          32   4.0000000000000000      -0.55805217633928572        5.1792829241071425E-002  0.16813168904954523        4.2289698464529858E-003   5.3825653697588546E-005
          32   3.7999999999999998      -0.59325641741071433        5.5053710937500000E-002  0.19565671020279579        4.7423338208879744E-003   6.6065131982863276E-005
          32   3.5999999999999996      -0.63605078125000003        5.7720424107142856E-002  0.23105026334463119        5.2772135053362167E-003   8.6316426024755599E-005
          32   3.3999999999999999      -0.68774553571428576        6.3953822544642852E-002  0.27527290511792751        6.4721829550606867E-003   1.2815726351254853E-004
          32   3.2000000000000002      -0.74551506696428571        7.4075334821428571E-002  0.32593479175178069        8.6427034650530133E-003   2.2961657906749418E-004
          32   3.0000000000000000      -0.81769391741071429        8.6095424107142854E-002  0.41171821654442436        1.1590223039899554E-002   3.8758380245833128E-004
          32   2.7999999999999998      -0.90879575892857145       0.10322921316964286       0.51475630905743264        1.6614906038556781E-002   8.4578560336272593E-004
          32   2.5999999999999996       -1.0265228794642858       0.14682254464285716       0.70455108828754753        3.2783452170235768E-002   3.0206035363808041E-003
          32   2.3999999999999999       -1.2199581473214285       0.33340583147321429        1.4110174837350640       0.15324133600507464        4.7009414532956727E-002
          32   2.3900000000000001       -1.2289073660714285       0.34142131696428574        1.3609782301998927       0.15718250656127930        4.6033262394661767E-002
          32   2.3800000000000003       -1.2272410714285715       0.30849148995535713        1.3024673223130310       0.13354628072466168        3.7165280285203023E-002
          32   2.3700000000000001       -1.2644522879464286       0.41107324218750002        1.6061269496640556       0.21287568037850516        7.3832108067698882E-002
          32   2.3600000000000003       -1.2738281250000001       0.41725181361607144        1.5437486534041476       0.21687004879542759        7.4991557527500849E-002
          32   2.3500000000000001       -1.2998058035714286       0.48050976562499997        1.8303262220415397       0.27240758677891325       0.10743532359438125     
          32   2.3400000000000003       -1.3109193638392858       0.48283551897321431        1.7791667111444831       0.27833210563659666       0.11222268061600646     
          32   2.3300000000000001       -1.3143630022321429       0.46836983816964284        1.7677997754265005       0.26347996275765556       0.10381144515248161     
          32   2.3200000000000003       -1.3341785714285714       0.49667731584821428        1.6632341136607043       0.28917661203656880       0.11842322219690478     
          32   2.3100000000000001       -1.3508948102678571       0.53797391183035714        1.8463353151028967       0.32851601382664269       0.14348530211750246     
          32   2.3000000000000003       -1.3763861607142858       0.56519391741071423        1.8396074698120943       0.36193425805228097       0.17131751129321179     
          32   2.2900000000000000       -1.4050982142857142       0.63324665178571427        1.6663545591956037       0.42925360325404577       0.21573755429788227     
          32   2.2800000000000002       -1.4394849330357142       0.69693624441964286        1.5210404437016514       0.49848599978855679       0.26924955633666731     
          32   2.2700000000000000       -1.4490530133928572       0.69211886160714287        1.6185404780362012       0.49766116387503490       0.27381322166194982     
          32   2.2600000000000002       -1.4736738281249999       0.73651646205357146        1.4254032148914184       0.55085078103201734       0.31964302057989491     
          32   2.2500000000000000       -1.4770904017857143       0.71746930803571429        1.6679855180146312       0.53235081536429274       0.31017048891463489     
          32   2.2400000000000002       -1.4811570870535715       0.72109402901785713        1.5754731468794172       0.53364667020525247       0.30856727957194796     
          32   2.2300000000000000       -1.5098222656250000       0.74928013392857140        1.5086956699283194       0.57956637791224885       0.35956089166294053     
          32   2.2200000000000002       -1.5170772879464285       0.75950376674107145        1.4995235919793612       0.58565594945635113       0.36076374359738317     
          32   2.2100000000000000       -1.5254933035714286       0.74016294642857139        1.7229039508249384       0.57993972887311662       0.37302809063093656     
          32   2.2000000000000002       -1.5464486607142858       0.78685184151785714        1.4010490217574516       0.62625519725254608       0.40725400520058508     
          32   2.0000000000000000       -1.7461252790178572       0.91165485491071430       0.73469812721214112       0.83183287756783619       0.69427325419410768     
          32   1.8000000000000003       -1.8595435267857143       0.95708523995535710       0.42940019486959036       0.91619926261901852       0.84009989660004691     
          32   1.6000000000000001       -1.9282449776785715       0.97962109374999995       0.25871616597079589       0.95972420174734929       0.92132512287680790     
          32   1.4000000000000001       -1.9684620535714286       0.99148786272321432       0.14652419304462563       0.98307176453726630       0.96652245856301100     
          32   1.2000000000000002       -1.9886252790178571       0.99703710937500001        6.5645467454563289E-002  0.99408973802839007       0.98824113406395186     
          32   1.0000000000000000       -1.9972466517857144       0.99929659598214282        2.2545167091266194E-002  0.99859517288208011       0.99719824202532303     
          32  0.80000000000000004       -1.9996434151785714       0.99991043526785717        4.4526661156396577E-003  0.99982105527605325       0.99964284790510383     
          32  0.60000000000000009       -1.9999852120535715       0.99999623325892861        3.3729959341144411E-004  0.99999247441973005       0.99998498037674599     
          32  0.40000000000000013       -2.0000000000000000        1.0000000000000000        0.0000000000000000        1.0000000000000000        1.0000000000000000     
          32  0.20000000000000018       -2.0000000000000000        1.0000000000000000        0.0000000000000000        1.0000000000000000        1.0000000000000000     
          64   5.0000000000000000      -0.42825997488839285        2.1462785993303573E-002   9.8680910216039586E-002   7.3149209363119940E-004   1.6326990136406038E-006
          64   4.7999999999999998      -0.44815548270089284        2.1653738839285713E-002  0.10922070021078195        7.2720806939261299E-004   1.5456554315765710E-006
          64   4.5999999999999996      -0.47163595145089288        2.2988699776785713E-002  0.11778887735868580        8.2709911891392296E-004   2.0248896483313470E-006
          64   4.4000000000000004      -0.49671609933035715        2.3491943359375000E-002  0.13468082629721967        8.6406140668051582E-004   2.2082437829169522E-006
          64   4.2000000000000002      -0.52487653459821426        2.4623918805803571E-002  0.15342550130570001        9.5698099476950512E-004   2.7816301729939952E-006
          64   4.0000000000000000      -0.55723751395089283        2.5276088169642857E-002  0.17236496999437634        9.9744885308401918E-004   2.9505856912887142E-006
          64   3.7999999999999998      -0.59369754464285718        2.7651053292410716E-002  0.19628406968135287        1.2038148300988333E-003   4.3565662773476430E-006
          64   3.5999999999999996      -0.63689202008928569        2.9535051618303571E-002  0.22729718819385955        1.3529004199164254E-003   5.3019650501572155E-006
          64   3.3999999999999999      -0.68592389787946428        3.2358851841517856E-002  0.27045471906881113        1.6420749085290091E-003   8.1261857338006401E-006
          64   3.2000000000000002      -0.74575732421874996        3.7440185546874998E-002  0.31849658084599491        2.1655988182340351E-003   1.3433640540682746E-005
          64   3.0000000000000000      -0.81697272600446424        4.0931815011160715E-002  0.40167256448194166        2.6145535026277813E-003   2.0283485853834041E-005
          64   2.7999999999999998      -0.90802246093750005        5.1866629464285711E-002  0.51874846433409005        4.1389739513397221E-003   4.8291039201062957E-005
          64   2.5999999999999996       -1.0280290178571430        7.4756452287946432E-002  0.74391453628774862        8.8931159462247583E-003   2.3502565472035793E-004
          64   2.3999999999999999       -1.2050906110491071       0.14599989536830357        1.0917359711836778        3.4436645252364020E-002   3.3218600650196006E-003
          64   2.3900000000000001       -1.2145569893973214       0.16971909877232144        1.1749297736372544        4.4990571158272881E-002   5.6498258746788682E-003
          64   2.3800000000000003       -1.2258814174107142       0.16676416015625001        1.2217347042922857        4.2480476243155346E-002   4.4780278553212156E-003
          64   2.3700000000000001       -1.2380908203125001       0.20542065429687500        1.3310991066222086        5.9851483907018388E-002   7.8569638459485541E-003
          64   2.3600000000000003       -1.2563840680803571       0.23032568359375000        1.3343976184440531        7.4310761281422208E-002   1.1339695658393332E-002
          64   2.3500000000000001       -1.2577343052455356       0.17458185686383929        1.3105914744031848        4.6932900990758621E-002   6.3123252311201835E-003
          64   2.3400000000000003       -1.2882247488839285       0.28390509905133926        1.4713195740636063       0.11108939536980220        2.3999813323632806E-002
          64   2.3300000000000001       -1.3080900530133928       0.32049131556919641        1.9854526337550327       0.14038705309799740        3.8629488173303049E-002
          64   2.3200000000000003       -1.3067368861607143       0.26550097656249999        1.6002198702305224       0.10323983618191310        2.3344049533203369E-002
          64   2.3100000000000001       -1.3280129743303570       0.33361676897321429        1.8915778139480826       0.15326606661932810        4.3067282593616224E-002
          64   2.3000000000000003       -1.3665028599330358       0.49520186941964284        2.0923191491657112       0.27737536617687769       0.10067380093673900     
          64   2.2900000000000000       -1.3753936941964287       0.47131337193080358        2.0903587665839667       0.25199372824600763        8.7128426755490901E-002
          64   2.2800000000000002       -1.3960653599330357       0.54152877371651786        2.2906822660710975       0.32625347840785979       0.13218115522230894     
          64   2.2700000000000000       -1.4017791573660714       0.48247101702008927        2.4670157191150279       0.27856112505708425       0.11542548863957476     
          64   2.2600000000000002       -1.4418941127232143       0.65676524135044645        1.8627137307284702       0.43868334107739587       0.20425225246791073     
          64   2.2500000000000000       -1.4614854910714286       0.67970654296874999        1.8295094610736591       0.46907368326187132       0.23201753521523982     
          64   2.2400000000000002       -1.4823308454241071       0.71734741210937503        1.6244950227962931       0.51852244991915564       0.27652480513697753     
          64   2.2300000000000000       -1.4969308733258928       0.71916116768973215        1.6473924592809774       0.52590344958645951       0.29076084852759859     
          64   2.2200000000000002       -1.5070592912946428       0.72525477818080353        1.6566664126306545       0.53326256218978341       0.29748830591811243     
          64   2.2100000000000000       -1.5342538364955358       0.77374808175223220        1.4079731049616551       0.60115925947257454       0.36693788849731546     
          64   2.2000000000000002       -1.5516702706473213       0.79356870814732139        1.2874209352296679       0.63107893010548188       0.40153010984245419     
          64   2.0000000000000000       -1.7467947126116072       0.91225948660714284       0.72950320670724977       0.83238964452062336       0.69344274451820720     
          64   1.8000000000000003       -1.8596869419642856       0.95697778320312499       0.43770749933139946       0.91585600629874642       0.83897316275400613     
          64   1.6000000000000001       -1.9282045898437501       0.97961607142857143       0.26371887299632130       0.95966453732763013       0.92102077746759559     
          64   1.4000000000000001       -1.9680887974330357       0.99138671874999995       0.14800317737669444       0.98285359004565642       0.96602460168020621     
          64   1.2000000000000002       -1.9886056082589285       0.99702706473214286        6.7097504285761195E-002  0.99406468408448356       0.98817141608584969     
          64   1.0000000000000000       -1.9971833844866071       0.99928142438616074        2.3493669463277911E-002  0.99856375185080937       0.99713111028489454     
          64  0.80000000000000004       -1.9996263950892856       0.99990565708705359        4.7131990413618033E-003  0.99981137083257943       0.99962296814064366     
          64  0.60000000000000009       -1.9999850725446429       0.99999626813616072        3.2918593307032187E-004  0.99999253809452060       0.99998508347427872     
          64  0.40000000000000013       -2.0000000000000000        1.0000000000000000        0.0000000000000000        1.0000000000000000        1.0000000000000000     
          64  0.20000000000000018       -2.0000000000000000        1.0000000000000000        0.0000000000000000        1.0000000000000000        1.0000000000000000     
         128   5.0000000000000000      -0.42841387067522324        1.0855765206473215E-002   9.8862452721405134E-002   1.8276103692395346E-004   9.5054846702215457E-008
         128   4.7999999999999998      -0.44874874441964285        1.0928283691406250E-002  0.10836311688411371        1.8739810479538781E-004   1.0423303655988330E-007
         128   4.5999999999999996      -0.47171320452008930        1.1135192871093750E-002  0.11664547925421127        1.9414943563086646E-004   1.1186530876240918E-007
         128   4.4000000000000004      -0.49687451171875002        1.2014761788504464E-002  0.13418072929154695        2.2763289830514364E-004   1.5785042607420671E-007
         128   4.2000000000000002      -0.52541660853794647        1.2493015834263392E-002  0.14746808464927419        2.4544284705604825E-004   1.7801076170602986E-007
         128   4.0000000000000000      -0.55728956821986608        1.2903206961495536E-002  0.16893151065471557        2.6241942069360187E-004   2.1146485052639782E-007
         128   3.7999999999999998      -0.59409952218191964        1.4230076381138393E-002  0.19426903592667560        3.1647133295025143E-004   2.9550430369465872E-007
         128   3.5999999999999996      -0.63621944754464288        1.4705139160156250E-002  0.22574479828528116        3.4353030260120119E-004   3.6882216211781799E-007
         128   3.3999999999999999      -0.68575066266741069        1.6311444963727679E-002  0.26992911310496270        4.2291735644851413E-004   5.4746566836246946E-007
         128   3.2000000000000002      -0.74499993024553568        1.8174281529017858E-002  0.33110657118982084        5.1201921914305001E-004   7.5834108325133009E-007
         128   3.0000000000000000      -0.81781370326450897        2.1426278250558036E-002  0.39493915380019945        7.2073833750826977E-004   1.6294080120695188E-006
         128   2.7999999999999998      -0.90826499720982146        2.5495387486049109E-002  0.52095076078108027        1.0388867290956633E-003   3.3567067646015674E-006
         128   2.5999999999999996       -1.0288300781249999        3.8209559849330360E-002  0.70838679370536928        2.2978025057486125E-003   1.6723290707127240E-005
         128   2.3999999999999999       -1.2023191441127232        7.1157026018415184E-002   1.1214684427822401        7.9481603258422448E-003   1.7111354505427225E-004
         128   2.3900000000000001       -1.2156857561383929        6.8737758091517859E-002   1.1653325729815049        7.3270621065582549E-003   1.5066437521761111E-004
         128   2.3800000000000003       -1.2276307547433036        6.9013959612165179E-002   1.1605243616298897        7.3668976756078855E-003   1.5754218313431131E-004
         128   2.3700000000000001       -1.2424675467354911       0.10028574916294643        1.3215160557877346        1.5867765958820071E-002   6.9592454509349476E-004
         128   2.3600000000000003       -1.2500654645647322        9.8755937848772318E-002   1.3589290978392845        1.5221003833625998E-002   5.9105564986558512E-004
         128   2.3500000000000001       -1.2652543422154019       0.11903322056361607        1.3988300115002610        2.0899017925773349E-002   9.7606363976283689E-004
         128   2.3400000000000003       -1.2828072160993305       0.17668618338448661        1.4998264475163421        4.4035962376211372E-002   4.0958526048892555E-003
         128   2.3300000000000001       -1.2966558489118303       0.19883625139508929        1.5624061313271191        4.8066065967082974E-002   3.7373117909022292E-003
         128   2.3200000000000003       -1.3081116768973213       0.12598692975725445        1.5233049082955972        2.4619526589555400E-002   1.6315913805632293E-003
         128   2.3100000000000001       -1.3211488037109376       0.10124716622488840        1.5752359420989093        1.8769241048821380E-002   1.3180526542649024E-003
         128   2.3000000000000003       -1.3488031354631695       0.26649681745256698        2.1257995143597945       0.10591000730544328        2.3771512963279128E-002
         128   2.2900000000000000       -1.3652998744419642       0.33487914167131694        2.1327750258989639       0.13790976984479597        2.9507856722619401E-002
         128   2.2800000000000002       -1.3873730294363840       0.45207303292410717        1.8976009182200617       0.21647412387600967        5.5032751325437654E-002
         128   2.2700000000000000       -1.4145430733816964       0.52964421735491074        2.2753156580787226       0.29900313147263868       0.10765280683267518     
         128   2.2600000000000002       -1.4507798549107143       0.67342184012276785        1.7927393554169002       0.45599703945432390       0.21223053654168814     
         128   2.2500000000000000       -1.4654819161551340       0.67443457903180803        1.9539903588492400       0.45968089162558318       0.21957044771217024     
         128   2.2400000000000002       -1.4852468087332589       0.71541782924107145        1.7527207072615689       0.51347443355407030       0.26695525492697531     
         128   2.2300000000000000       -1.4999272984095982       0.73563211495535719        1.6731255886174279       0.54247022743948869       0.29705933986177968     
         128   2.2200000000000002       -1.5167142857142857       0.75615077427455357        1.6311322484925603       0.57281156413044243       0.33044196903931217     
         128   2.2100000000000000       -1.5358466971261160       0.78009824044363840        1.4442218899721404       0.60906257709967238       0.37218370749837654     
         128   2.2000000000000002       -1.5459348842075893       0.78425402832031255        1.4310932829446317       0.61556866891682149       0.38017894174473338     
         128   2.0000000000000000       -1.7454256243024553       0.91128064836774558       0.72136324641178362       0.83048115885151286       0.68986044926450862     
         128   1.8000000000000003       -1.8596064453125001       0.95702934047154020       0.43210393552816412       0.91591728943479911       0.83894889764751068     
         128   1.6000000000000001       -1.9282340611049107       0.97961761474609377       0.26738366941287944       0.95965496738148592       0.92095414221153182     
         128   1.4000000000000001       -1.9680910818917410       0.99138686697823664       0.14060620843356814       0.98284932660950086       0.96599832720397172     
         128   1.2000000000000002       -1.9885465087890626       0.99701138741629469        6.8762315949142130E-002  0.99403214760124681       0.98810166353334328     
         128   1.0000000000000000       -1.9971836635044642       0.99928219168526788        2.3290746576094534E-002  0.99856499416913302       0.99713242917160472     
         128  0.80000000000000004       -1.9996273367745536       0.99990625000000000        4.7330825168501170E-003  0.99981252062320713       0.99962512371647294     
         128  0.60000000000000009       -1.9999864153180804       0.99999659946986608        3.0026472409695585E-004  0.99999319936547959       0.99998640043373077     
         128  0.40000000000000013       -1.9999999302455358       0.99999998256138389        3.4871845855377589E-006  0.99999996512489664       0.99999993025830713     
         128  0.20000000000000018       -2.0000000000000000        1.0000000000000000        0.0000000000000000        1.0000000000000000        1.0000000000000000     
