          16   5.0000000000000000      -0.43046986607142856        8.4362723214285715E-002   9.6641589272959433E-002   1.1057922363281250E-002   3.4718711301684382E-004
          16   4.7999999999999998      -0.44904575892857140        8.6666852678571424E-002  0.10862451635520774        1.1722006661551340E-002   4.0331489033997058E-004
          16   4.5999999999999996      -0.46953683035714283        9.0310825892857147E-002  0.11678695867672501        1.2651118687220983E-002   4.5902452697711330E-004
          16   4.4000000000000004      -0.49803013392857143        9.5529575892857141E-002  0.13409471017390692        1.4309103829520090E-002   6.0720059302236354E-004
          16   4.2000000000000002      -0.52320424107142860        9.6742745535714283E-002  0.15124485744871868        1.4728397914341518E-002   6.5536726399191786E-004
          16   4.0000000000000000      -0.55691517857142858       0.10425279017857143       0.16864046524234677        1.6886731828962054E-002   8.1918175491903504E-004
          16   3.7999999999999998      -0.59317075892857141       0.10966629464285714       0.19689038383229113        1.8667428152901785E-002   9.9987064089093899E-004
          16   3.5999999999999996      -0.63551674107142853       0.11867968750000001       0.22812108959179800        2.1944379534040180E-002   1.3877839823918682E-003
          16   3.3999999999999999      -0.68808482142857141       0.12897823660714286       0.26742785599533953        2.6162959507533484E-002   2.0277857692646128E-003
          16   3.2000000000000002      -0.74595982142857142       0.14642745535714285       0.32549786003268627        3.3446768624441965E-002   3.2355912950422084E-003
          16   3.0000000000000000      -0.81809598214285717       0.16963950892857144       0.40525807128684871        4.4547842843191965E-002   5.5095061846077440E-003
          16   2.7999999999999998      -0.90810602678571428       0.21140457589285713       0.53651117173670915        6.7482844761439731E-002   1.1977639154930201E-002
          16   2.5999999999999996       -1.0354062500000001       0.29085267857142855       0.76806808431951334       0.12299948556082589        3.4375735977398500E-002
          16   2.3999999999999999       -1.2566841517857144       0.51448939732142862        1.3870837916644441       0.32362133353097100       0.15822764813660511     
          16   2.3900000000000001       -1.2813404017857142       0.54767633928571424        1.4872599170410494       0.35687511335100447       0.18265917054404104     
          16   2.3800000000000003       -1.2941741071428572       0.57000111607142856        1.3924480131188102       0.37525306919642859       0.19124119863233396     
          16   2.3700000000000001       -1.2902075892857143       0.55067187500000003        1.4633348282297476       0.35801531982421875       0.18200598608117019     
          16   2.3600000000000003       -1.3241484375000001       0.58988448660714288        1.5053948928269858       0.40173990740094867       0.21721591391334577     
          16   2.3500000000000001       -1.3424776785714285       0.60791629464285712        1.5610466690071299       0.42139753069196428       0.23334638752575432     
          16   2.3400000000000003       -1.3634241071428572       0.62726339285714283        1.5450278685329013       0.44420853097098212       0.25416326839583259     
          16   2.3300000000000001       -1.3441484374999999       0.59511160714285716        1.5514306835540410       0.41053982107979908       0.22745309545152953     
          16   2.3200000000000003       -1.3642087053571428       0.62395982142857143        1.5297785824219927       0.44045138113839288       0.25102761708732163     
          16   2.3100000000000001       -1.3805982142857143       0.64177790178571426        1.6124360143787682       0.45981174142020087       0.26809562104035700     
          16   2.3000000000000003       -1.4032745535714286       0.67103794642857140        1.5348368868388609       0.49209687151227677       0.29467612571695023     
          16   2.2900000000000000       -1.4021316964285715       0.65963448660714286        1.6334729756063944       0.48231825910295761       0.28903524314425888     
          16   2.2800000000000002       -1.4289285714285713       0.67795703124999995        1.5699653562948750       0.50860678100585932       0.31778225211293570     
          16   2.2700000000000000       -1.4629151785714285       0.72932924107142860        1.3719127261803639       0.56129334368024553       0.35777589996957354     
          16   2.2600000000000002       -1.4765892857142857       0.74719419642857143        1.2731220202467199       0.58063154820033480       0.37356125351626956     
          16   2.2500000000000000       -1.4830892857142857       0.73998046875000001        1.3786007115142391       0.57751593453543526       0.37717920253292792     
          16   2.2400000000000002       -1.5066975446428572       0.76124386160714286        1.4374016980000841       0.60806603567940853       0.41213333141244946     
          16   2.2300000000000000       -1.5245479910714286       0.77822209821428567        1.2694619874797990       0.62724229213169647       0.42938834150029082     
          16   2.2200000000000002       -1.5169419642857143       0.76154073660714283        1.4842477699017196       0.61243175833565844       0.42134136231217001     
          16   2.2100000000000000       -1.5404553571428572       0.79123660714285715        1.2760710681766392       0.64325599888392859       0.44649312699053967     
          16   2.2000000000000002       -1.5435948660714285       0.78801841517857141        1.3494060101171197       0.64281256539481024       0.44992665614693295     
          16   2.0000000000000000       -1.7469140624999999       0.91289453124999997       0.71294298270089485       0.83593382481166290       0.70662558482720383     
          16   1.8000000000000003       -1.8577790178571429       0.95653013392857145       0.43089717773681707       0.91569085693359376       0.84110815568108643     
          16   1.6000000000000001       -1.9275312499999999       0.97935546875000001       0.27423511439734755       0.95942698887416300       0.92158233935518985     
          16   1.4000000000000001       -1.9679140625000000       0.99131194196428574       0.14721876936041364       0.98279517909458702       0.96625678592361508     
          16   1.2000000000000002       -1.9879933035714286       0.99686439732142862        7.2641509885171554E-002  0.99376833234514506       0.98769226646769259     
          16   1.0000000000000000       -1.9971450892857143       0.99926897321428576        2.3761682398003359E-002  0.99854478236607147       0.99711661570093457     
          16  0.80000000000000004       -1.9996339285714286       0.99990848214285710        4.5222895407093225E-003  0.99981767926897325       0.99963819617139438     
          16  0.60000000000000009       -1.9999888392857144       0.99999720982142859        2.4792729568111495E-004  0.99999444144112726       0.99998896939546933     
          16  0.40000000000000013       -2.0000000000000000        1.0000000000000000        0.0000000000000000        1.0000000000000000        1.0000000000000000     
          16  0.20000000000000018       -2.0000000000000000        1.0000000000000000        0.0000000000000000        1.0000000000000000        1.0000000000000000     
          32   5.0000000000000000      -0.42765569196428571        4.2097098214285714E-002   9.7648139272959039E-002   2.7653786795479910E-003   2.2453895158832892E-005
          32   4.7999999999999998      -0.44861104910714283        4.3457310267857145E-002  0.10705252343694695        2.9383664812360493E-003   2.5304359013846677E-005
          32   4.5999999999999996      -0.47140792410714288        4.5401367187500000E-002  0.12097034063536698        3.2342210497174942E-003   3.1353540197804772E-005
          32   4.4000000000000004      -0.49706138392857141        4.7350027901785711E-002  0.13346985954893403        3.5161364419119697E-003   3.6855359891238290E-005
          32   4.2000000000000002      -0.52487639508928574        4.9544084821428573E-002  0.14822411664681631        3.7959867204938615E-003   4.0544750913146086E-005
          32   4.0000000000000000      -0.55814481026785712        5.1939592633928569E-002  0.17117550780751856        4.2560612814767024E-003   5.5525694916598563E-005
          32   3.7999999999999998      -0.59469810267857148        5.4597935267857139E-002  0.19579720710522455        4.6750826154436384E-003   6.5515004830168829E-005
          32   3.5999999999999996      -0.63651450892857142        5.9848214285714282E-002  0.22883216618244653        5.6381072998046879E-003   9.3134046723467427E-005
          32   3.3999999999999999      -0.68666573660714281        6.4961216517857148E-002  0.26892894037210946        6.6314784458705355E-003   1.3148570657358505E-004
          32   3.2000000000000002      -0.74571874999999999        7.1201032366071434E-002  0.32744587227957472        7.9559252602713453E-003   1.8892305175229141E-004
          32   3.0000000000000000      -0.81760351562500000        8.4673409598214289E-002  0.39152279371280152        1.1257795878819057E-002   3.7111838997537104E-004
          32   2.7999999999999998      -0.91050446428571430       0.10953822544642858       0.50382948445958708        1.8266156332833426E-002   9.1279571236269215E-004
          32   2.5999999999999996       -1.0291760602678572       0.15265039062499999       0.67540327291716695        3.5490059988839286E-002   3.4326609075360465E-003
          32   2.3999999999999999       -1.2097712053571428       0.30411509486607141        1.2903913170086176       0.13026877294267927        3.6034689484610034E-002
          32   2.3900000000000001       -1.2254453125000000       0.33758482142857144        1.3252691920284234       0.15281655447823661        4.3421218030412483E-002
          32   2.3800000000000003       -1.2357678571428572       0.35136648995535713        1.3852195280873218       0.16150117138453893        4.6835656495506035E-002
          32   2.3700000000000001       -1.2709101562500000       0.43871972656250002        1.4994567323771602       0.23056561851501464        8.0032223405525391E-002
          32   2.3600000000000003       -1.2705839843750000       0.38752008928571430        1.6176771992835319       0.20187834984915598        7.3030831102412777E-002
          32   2.3500000000000001       -1.3000521763392856       0.45950739397321427        1.6569042436409818       0.26048511750357489       0.10236330808821886     
          32   2.3400000000000003       -1.3053858816964286       0.45755943080357142        1.8268703876868808       0.26179298618861607       0.10594457041707522     
          32   2.3300000000000001       -1.3321043526785714       0.50798088727678570        1.9019418513931245       0.30684358351571217       0.13373236404589781     
          32   2.3200000000000003       -1.3401420200892857       0.50222223772321428        1.9335305841008219       0.30321286691938126       0.13387646413476925     
          32   2.3100000000000001       -1.3391674107142857       0.46782087053571431        1.8096086221917809       0.27069640241350446       0.11346156374868172     
          32   2.3000000000000003       -1.3652327008928571       0.53127176339285709        1.9034874589498167       0.33388110678536553       0.15512394792917517     
          32   2.2900000000000000       -1.3917142857142857       0.58021540178571429        2.1572047595568136       0.38614342117309569       0.19477406511851378     
          32   2.2800000000000002       -1.4089921875000000       0.61322419084821433        1.9391948776134371       0.41556656129019603       0.21223922066676251     
          32   2.2700000000000000       -1.4300424107142857       0.64431919642857138        1.9505509098106792       0.45089748982020789       0.24290522695973674     
          32   2.2600000000000002       -1.4517781808035715       0.67276688058035716        1.8792296737069107       0.48468119893755229       0.27086925895924441     
          32   2.2500000000000000       -1.4470078125000001       0.63996819196428567        2.0476241216930684       0.45247141592843193       0.25012165503333589     
          32   2.2400000000000002       -1.4780287388392856       0.71083635602678574        1.6400321088995160       0.52542156791687011       0.30303357848719731     
          32   2.2300000000000000       -1.5004168526785715       0.73404394531249995        1.6171305998280667       0.55759242275782994       0.33711141742080819     
          32   2.2200000000000002       -1.5266068638392858       0.77599930245535720        1.3572742915636711       0.60964715712411066       0.38637528625738193     
          32   2.2100000000000000       -1.5386964285714286       0.78541685267857142        1.3299965172285535       0.62318186514718188       0.40174672270718814     
          32   2.2000000000000002       -1.5497681361607143       0.79769601004464286        1.2531843257023909       0.64101151902335030       0.42164622204662944     
          32   2.0000000000000000       -1.7473144531250000       0.91178124999999999       0.71101445661270191       0.83211226872035438       0.69487821125600024     
          32   1.8000000000000003       -1.8589411272321428       0.95671707589285715       0.43896476932073741       0.91550291715349474       0.83885399405062655     
          32   1.6000000000000001       -1.9280717075892857       0.97957031250000004       0.26517665065846069       0.95962583323887418       0.92114074156206127     
          32   1.4000000000000001       -1.9679704241071430       0.99135309709821429       0.14331974161139588       0.98280394608633859       0.96599359875751434     
          32   1.2000000000000002       -1.9886679687500000       0.99704143415178570        6.6893590339923814E-002  0.99409852300371437       0.98825923657632775     
          32   1.0000000000000000       -1.9971261160714286       0.99926618303571424        2.3828284438422997E-002  0.99853448377336773       0.99707740730832195     
          32  0.80000000000000004       -1.9996551339285715       0.99991350446428573        4.3228216668467203E-003  0.99982718712942942       0.99965508552623417     
          32  0.60000000000000009       -1.9999882812500001       0.99999707031249996        2.6002604095588637E-004  0.99999414634704586       0.99998831553759371     
          32  0.40000000000000013       -2.0000000000000000        1.0000000000000000        0.0000000000000000        1.0000000000000000        1.0000000000000000     
          32  0.20000000000000018       -2.0000000000000000        1.0000000000000000        0.0000000000000000        1.0000000000000000        1.0000000000000000     
          64   5.0000000000000000      -0.42878578404017859        2.1155133928571428E-002   9.4336593328280288E-002   7.0143437385559082E-004   1.4741711492709847E-006
          64   4.7999999999999998      -0.44901827566964286        2.1460832868303571E-002  0.10874694350539017        7.2388579164232522E-004   1.5697739075051231E-006
          64   4.5999999999999996      -0.47165192522321431        2.2581368582589287E-002  0.11540917896791497        7.9870361941201343E-004   1.9154801982860397E-006
          64   4.4000000000000004      -0.49697181919642858        2.3314313616071430E-002  0.13463853337079881        8.5037589073181155E-004   2.1142029711670928E-006
          64   4.2000000000000002      -0.52530252511160713        2.5075823102678571E-002  0.15719048408898376        9.9194485800606857E-004   2.9985326649791333E-006
          64   4.0000000000000000      -0.55784144810267855        2.6249860491071430E-002  0.16676556742143589        1.0717917510441371E-003   3.3351835412937753E-006
          64   3.7999999999999998      -0.59381647600446430        2.6678362165178573E-002  0.19815187629708483        1.1122258731297084E-003   3.6233424518416412E-006
          64   3.5999999999999996      -0.63683098493303569        2.8925571986607144E-002  0.22492215229399101        1.3030576365334647E-003   4.8915319079745651E-006
          64   3.3999999999999999      -0.68638581194196424        3.2035784040178573E-002  0.27318939973338119        1.6302783829825265E-003   8.4442222112914214E-006
          64   3.2000000000000002      -0.74574741908482145        3.7189697265625002E-002  0.31931163782972222        2.1548689263207574E-003   1.3474063934117859E-005
          64   3.0000000000000000      -0.81806250000000003        4.3993791852678571E-002  0.40827480704365371        3.0513989925384523E-003   2.9064089770364328E-005
          64   2.7999999999999998      -0.90710525948660714        4.9383998325892860E-002  0.52860071802102515        3.8874881608145576E-003   4.6185366700569831E-005
          64   2.5999999999999996       -1.0280594308035715        7.5334681919642862E-002  0.67945293041848154        9.0916344097682414E-003   2.6369620832956893E-004
          64   2.3999999999999999       -1.2011889648437499       0.14595127650669643        1.1298356658694313        3.2344768983977180E-002   2.6556026054106942E-003
          64   2.3900000000000001       -1.2185867047991072       0.19097687639508928        1.2961455584571480        5.5757985540798735E-002   7.9257989318001470E-003
          64   2.3800000000000003       -1.2273415876116072       0.18437548828125000        1.1635763088401045        4.9138359342302596E-002   5.5203181151394706E-003
          64   2.3700000000000001       -1.2406565987723215       0.20620636858258928        1.2718789234183294        6.0166854432650976E-002   7.6379208763975278E-003
          64   2.3600000000000003       -1.2488519112723215       0.18604851422991073        1.3647850235045806        5.0920791063989911E-002   6.5069148184319012E-003
          64   2.3500000000000001       -1.2663730468750001       0.20884061104910714        1.3297042444059417        6.4020315442766457E-002   1.0154710024512886E-002
          64   2.3400000000000003       -1.2857091936383929       0.25929227120535714        1.7162018967505579       0.10608155887467520        2.6375910148482822E-002
          64   2.3300000000000001       -1.3091905691964285       0.34477999441964285        1.8220259788200708       0.15894229139600483        4.3121510517102071E-002
          64   2.3200000000000003       -1.3151321149553572       0.32970399693080354        1.8667520161224600       0.14501461371353694        3.8966357225172214E-002
          64   2.3100000000000001       -1.3433315429687500       0.44136781529017854        2.2380087331214558       0.23018288905279977        7.7376911810983676E-002
          64   2.3000000000000003       -1.3643915318080357       0.51439592633928577        2.0482859393949711       0.28259281676156178        9.8207934893425816E-002
          64   2.2900000000000000       -1.3706941964285715       0.45534329659598216        2.0470868042325256       0.24162133358206067        8.2160608525023854E-002
          64   2.2800000000000002       -1.4020678710937500       0.56173507254464283        2.0328067393256881       0.34258250607763019       0.13920706533315177     
          64   2.2700000000000000       -1.4127896902901786       0.57064519391741075        1.9839503649281451       0.34902726866517747       0.14556504743659357     
          64   2.2600000000000002       -1.4476544363839285       0.67000568498883928        1.9468520011687329       0.45896143976279669       0.22594270877543729     
          64   2.2500000000000000       -1.4583487723214286       0.66249075753348219        1.7662411480222220       0.44955895296164922       0.21819922759097624     
          64   2.2400000000000002       -1.4918842773437500       0.73514972795758926        1.5217013821448542       0.54384454320158282       0.30265640002104222     
          64   2.2300000000000000       -1.5006452985491072       0.73768687220982143        1.5577378089778597       0.54800617926461359       0.30799857453575730     
          64   2.2200000000000002       -1.5114013671875000       0.73792989676339282        1.7028972775187614       0.55146006478582110       0.31644967863010465     
          64   2.2100000000000000       -1.5322680664062500       0.77402110072544639        1.3477120474301616       0.60115930790560590       0.36611583744289256     
          64   2.2000000000000002       -1.5440514787946429       0.78068052455357140        1.4363261959061664       0.61211685838018148       0.38065883301553544     
          64   2.0000000000000000       -1.7445816824776785       0.91117846679687498       0.72215508246472382       0.83042873966693875       0.69021373143258380     
          64   1.8000000000000003       -1.8591807338169644       0.95675620814732143       0.44099573067538617       0.91543220196451458       0.83819782350794569     
          64   1.6000000000000001       -1.9281110491071429       0.97958778599330354       0.26052280348167750       0.95960917764050624       0.92091472227661808     
          64   1.4000000000000001       -1.9681988699776787       0.99142100306919645       0.14218095364468555       0.98292121149812428       0.96615612973689347     
          64   1.2000000000000002       -1.9885412946428571       0.99701088169642860        6.7111406958196701E-002  0.99403241705894474       0.98810727542794563     
          64   1.0000000000000000       -1.9971503906250001       0.99927218191964284        2.3411234373270418E-002  0.99854528093338013       0.99709422438498874     
          64  0.80000000000000004       -1.9996308593750001       0.99990701729910714        4.6542027035911806E-003  0.99981408987726483       0.99962840072000758     
          64  0.60000000000000009       -1.9999843749999999       0.99999605887276788        3.4909474682838959E-004  0.99999211973803381       0.99998424744190251     
          64  0.40000000000000013       -2.0000000000000000        1.0000000000000000        0.0000000000000000        1.0000000000000000        1.0000000000000000     
          64  0.20000000000000018       -2.0000000000000000        1.0000000000000000        0.0000000000000000        1.0000000000000000        1.0000000000000000     
         128   5.0000000000000000      -0.42827898297991074        1.0606855119977679E-002   9.6130359355047407E-002   1.7652847830738341E-004   9.3359312290502194E-008
         128   4.7999999999999998      -0.44874114118303571        1.0900329589843750E-002  0.10593438298922564        1.8421682183231627E-004   9.8478775160829437E-008
         128   4.5999999999999996      -0.47126796177455355        1.1299700055803571E-002  0.12225759275837768        2.0042267867497035E-004   1.2152101391522356E-007
         128   4.4000000000000004      -0.49661798967633930        1.1834036690848215E-002  0.13625851572606068        2.1802202931472234E-004   1.3581993899498228E-007
         128   4.2000000000000002      -0.52498493303571425        1.2437011718750000E-002  0.15189430774649806        2.4341375700065069E-004   1.7991188063994278E-007
         128   4.0000000000000000      -0.55729439871651787        1.3056849888392856E-002  0.17189782338044779        2.6712019954408918E-004   2.0949786141371314E-007
         128   3.7999999999999998      -0.59399145507812501        1.3670270647321429E-002  0.19561956604022041        2.9303911115442002E-004   2.6168826233560362E-007
         128   3.5999999999999996      -0.63646423339843750        1.4657453264508928E-002  0.23019944024461578        3.3541772195271085E-004   3.2914342251779057E-007
         128   3.3999999999999999      -0.68625162179129462        1.6531860351562500E-002  0.27072854737796281        4.3188250277723583E-004   5.6505345765489606E-007
         128   3.2000000000000002      -0.74512787737165176        1.8331621442522320E-002  0.32539622551617237        5.2659876751048223E-004   8.1799849107812489E-007
         128   3.0000000000000000      -0.81718755231584816        2.1087873186383929E-002  0.38991265035474498        6.8341143216405593E-004   1.2868074252643247E-006
         128   2.7999999999999998      -0.90824703543526786        2.7306780133928572E-002  0.52650800538992137        1.1749193774802343E-003   4.1812807135960096E-006
         128   2.5999999999999996       -1.0283121861049107        3.5798148018973214E-002  0.70251717124632107        1.9715907254389355E-003   1.0793690891637700E-005
         128   2.3999999999999999       -1.2030995047433035        7.1872523716517853E-002   1.0604052749562876        8.1560732743569779E-003   1.8826527056831725E-004
         128   2.3900000000000001       -1.2158123081752232        7.8847089494977679E-002   1.1201499899802956        9.4026583188346457E-003   2.5521367375827596E-004
         128   2.3800000000000003       -1.2260161132812499       0.10498946707589285        1.1880577670609933        1.6818653242928642E-002   6.9013582929517044E-004
         128   2.3700000000000001       -1.2379572928292411        9.8670017787388389E-002   1.3110235962997676        1.5683285241680486E-002   6.9862492244007822E-004
         128   2.3600000000000003       -1.2516463623046874       0.10077627127511160        1.3134006650508228        1.5478176369198730E-002   6.1609164291419923E-004
         128   2.3500000000000001       -1.2648528529575893        8.0962062290736603E-002   1.4064145224796716        9.3825495147279326E-003   2.1557845360210828E-004
         128   2.3400000000000003       -1.2769695347377232       0.11770992606026785        1.3986186016179976        2.0545274813260350E-002   1.0477153683020385E-003
         128   2.3300000000000001       -1.2928297991071429       0.13080419049944197        1.4179339539681735        2.3422170627330031E-002   1.1001238946301561E-003
         128   2.3200000000000003       -1.3068354840959822       0.11628122384207590        1.4736340197217599        1.9138595865241120E-002   7.9736570862150714E-004
         128   2.3100000000000001       -1.3342606724330357       0.30694750104631696        1.9889230773327813       0.12358842269118343        2.6035335082718929E-002
         128   2.3000000000000003       -1.3417957938058036       0.29275190952845981        2.1882424528758349       0.10683880022700344        1.8828075245524423E-002
         128   2.2900000000000000       -1.3707344970703126       0.37507890973772323        2.6363931107181782       0.17263491686965737        4.9091650275891296E-002
         128   2.2800000000000002       -1.4048510567801340       0.57807577950613842        2.0444654134531381       0.33924448149012670       0.12124551901644902     
         128   2.2700000000000000       -1.4061092703683036       0.40517253766741074        2.5299612165428043       0.21416395008351122        7.3276834518461065E-002
         128   2.2600000000000002       -1.4473765694754464       0.65396327427455359        1.8900795741376988       0.43095879388707026       0.19114081816716702     
         128   2.2500000000000000       -1.4679185442243303       0.69591836983816968        1.6113322772571450       0.48570129325773037       0.23854520734630583     
         128   2.2400000000000002       -1.4753092912946428       0.67976289585658478        2.1673166066739324       0.46701677117496732       0.22646604269251111     
         128   2.2300000000000000       -1.5050976562500000       0.74695930698939728        1.4422416764480499       0.55871896382846997       0.31385363152277290     
         128   2.2200000000000002       -1.5179537179129465       0.75850132533482140        1.6081564981143959       0.57626444897907125       0.33417963014352603     
         128   2.2100000000000000       -1.5340186593191965       0.77412341308593746        1.4115082637497327       0.59987710888470924       0.36129480313981888     
         128   2.2000000000000002       -1.5458236781529018       0.78308246721540176        1.4532767917587099       0.61381590426819665       0.37820852059623472     
         128   2.0000000000000000       -1.7456310337611607       0.91127490234374997       0.70219640222057933       0.83046542701338022       0.68981703257487426     
         128   1.8000000000000003       -1.8593063964843750       0.95684855433872773       0.44404720022017191       0.91557184097915889       0.83831822624096375     
         128   1.6000000000000001       -1.9281741594587054       0.97959438650948660       0.26423695630057858       0.95960943445882629       0.92086665824734748     
         128   1.4000000000000001       -1.9681347133091518       0.99139861188616074       0.14540048597730357       0.98287265509579858       0.96604434554862295     
         128   1.2000000000000002       -1.9885346854073660       0.99700777762276782        6.6958991545915406E-002  0.99402493697830607       0.98808727821484921     
         128   1.0000000000000000       -1.9971773332868303       0.99928043910435271        2.2611523592786398E-002  0.99856148821221935       0.99712541410093258     
         128  0.80000000000000004       -1.9996299176897321       0.99990679931640625        4.6208495859900714E-003  0.99981361892074350       0.99962731897095425     
         128  0.60000000000000009       -1.9999867815290178       0.99999669538225444        2.9664244923171477E-004  0.99999339118280584       0.99998678403858032     
         128  0.40000000000000013       -2.0000000000000000        1.0000000000000000        0.0000000000000000        1.0000000000000000        1.0000000000000000     
         128  0.20000000000000018       -2.0000000000000000        1.0000000000000000        0.0000000000000000        1.0000000000000000        1.0000000000000000     
