          16   5.0000000000000000      -0.43521093750000001        8.5579799107142862E-002   9.8757594374999938E-002   1.1508235386439733E-002   3.9120509289205076E-004
          16   4.7999999999999998      -0.45611383928571431        8.8421316964285721E-002  0.11062161629951446        1.2294882638113840E-002   4.5001759459929806E-004
          16   4.5999999999999996      -0.47974776785714285        9.2153459821428571E-002  0.11967791986950738        1.3293191092354911E-002   5.2576742826827936E-004
          16   4.4000000000000004      -0.50462946428571431        9.6054687499999999E-002  0.13496047789466967        1.4433646065848214E-002   6.1679812627179283E-004
          16   4.2000000000000002      -0.53577901785714288       0.10176953125000000       0.15269065833391102        1.6207253592354910E-002   7.7397624802376538E-004
          16   4.0000000000000000      -0.56906584821428574       0.10673381696428572       0.17728874982063125        1.7882337297712055E-002   9.4173184862094263E-004
          16   3.7999999999999998      -0.60656250000000000       0.11401283482142857       0.19683987930352126        2.0199667794363840E-002   1.1769271288067102E-003
          16   3.5999999999999996      -0.65225892857142853       0.12449944196428571       0.23520467765810180        2.4026406424386162E-002   1.6449564219053303E-003
          16   3.3999999999999999      -0.70136830357142854       0.13716908482142856       0.27842894117205758        2.9172568184988840E-002   2.4051361975393126E-003
          16   3.2000000000000002      -0.76575223214285715       0.15855636160714287       0.33401100015445490        3.8795440673828126E-002   4.1810471934399431E-003
          16   3.0000000000000000      -0.84520982142857148       0.19247098214285716       0.42994235884353316        5.6085065569196429E-002   8.2706924006342893E-003
          16   2.7999999999999998      -0.95164955357142855       0.26061272321428569       0.59000613009553404        9.8210614885602676E-002   2.1968096485627548E-002
          16   2.5999999999999996       -1.1020055803571429       0.39077232142857143       0.93831409962375223       0.19906165422712055        7.0145365352609332E-002
          16   2.3999999999999999       -1.3203939732142858       0.60787500000000005        1.2654789956575110       0.41262093680245537       0.21775866516998835     
          16   2.3900000000000001       -1.3293984375000001       0.61439955357142861        1.3142151939523008       0.42144302804129463       0.22643319208387819     
          16   2.3800000000000003       -1.3451506696428572       0.62899497767857138        1.3235770922451928       0.43791345650809149       0.24019044797361960     
          16   2.3700000000000001       -1.3563571428571428       0.63916462053571432        1.3386735166213111       0.44987575422014509       0.25108642021167493     
          16   2.3600000000000003       -1.3707723214285714       0.65246261160714281        1.3441904293497045       0.46517473929268971       0.26458795233097460     
          16   2.3500000000000001       -1.3827857142857143       0.66269419642857141        1.3491867351558104       0.47763169642857145       0.27605116497193066     
          16   2.3400000000000003       -1.3945870535714286       0.67463616071428567        1.3471076077675155       0.49178404017857141       0.28891274519690446     
          16   2.3300000000000001       -1.4082075892857142       0.68652957589285712        1.3409453579595398       0.50678029523577006       0.30309602754163956     
          16   2.3200000000000003       -1.4202455357142858       0.69726897321428571        1.3299594701324253       0.51945372663225442       0.31496513960031525     
          16   2.3100000000000001       -1.4305390625000001       0.70321651785714290        1.3312662274915608       0.52845581054687496       0.32509632486637152     
          16   2.3000000000000003       -1.4469129464285715       0.71775613839285712        1.3396731682323204       0.54620491681780137       0.34223076289120530     
          16   2.2900000000000000       -1.4618783482142856       0.73147209821428572        1.2968223807955896       0.56348148018973210       0.35923942038949047     
          16   2.2800000000000002       -1.4695379464285714       0.73804799107142860        1.2816910675714206       0.57240733119419640       0.36807429384333745     
          16   2.2700000000000000       -1.4835055803571429       0.74883816964285710        1.3054885652239299       0.58666188267299102       0.38378938485469138     
          16   2.2600000000000002       -1.4967823660714286       0.75962890625000001        1.2853388891838420       0.60073523385184147       0.39878379059503122     
          16   2.2500000000000000       -1.5110491071428571       0.77017689732142858        1.2344103048626831       0.61521463012695310       0.41452502875961361     
          16   2.2400000000000002       -1.5204787946428571       0.77633203125000005        1.2607478943888029       0.62434359741210943       0.42533760419301686     
          16   2.2300000000000000       -1.5344397321428571       0.78828348214285715        1.2059043585109004       0.64027640206473213       0.44274906364189726     
          16   2.2200000000000002       -1.5439397321428572       0.79429464285714291        1.2000271890926970       0.64930329241071427       0.45392400610021183     
          16   2.2100000000000000       -1.5575212053571428       0.80434040178571431        1.1405683147998231       0.66324384416852677       0.46960200041426081     
          16   2.2000000000000002       -1.5685904017857142       0.81314118303571425        1.1293277185628983       0.67599597603934147       0.48481991501604871     
          16   2.0000000000000000       -1.7481819196428572       0.91273158482142858       0.70788778372130423       0.83593945748465404       0.70715105215060925     
          16   1.8000000000000003       -1.8615558035714286       0.95769698660714286       0.43618176453451479       0.91796237182617191       0.84538638283658241     
          16   1.6000000000000001       -1.9299720982142856       0.98008649553571425       0.26830593498390337       0.96084499250139510       0.92425579444345618     
          16   1.4000000000000001       -1.9744207589285714       0.99307979910714284       0.13958400129502718       0.98629585048130586       0.97312204426766502     
          16   1.2000000000000002       -1.9957466517857143       0.99889229910714283        3.0504685506984836E-002  0.99779810006277903       0.99564935702857160     
          16   1.0000000000000000       -1.9997109375000000       0.99992633928571428        2.5723593751081353E-003  0.99985334995814734       0.99970935775605696     
          16  0.80000000000000004       -1.9999866071428571       0.99999665178571429        1.6733896686105251E-004  0.99999332972935273       0.99998676327456326     
          16  0.60000000000000009       -2.0000000000000000        1.0000000000000000        0.0000000000000000        1.0000000000000000        1.0000000000000000     
          16  0.40000000000000013       -2.0000000000000000        1.0000000000000000        0.0000000000000000        1.0000000000000000        1.0000000000000000     
          16  0.20000000000000018       -2.0000000000000000        1.0000000000000000        0.0000000000000000        1.0000000000000000        1.0000000000000000     
          32   5.0000000000000000      -0.43023856026785712        4.1981305803571428E-002   9.8398052853955281E-002   2.7502910069056919E-003   2.2332606284180655E-005
          32   4.7999999999999998      -0.45099162946428573        4.3905133928571427E-002  0.10708289696656555        3.0355191911969866E-003   2.7795961974853915E-005
          32   4.5999999999999996      -0.47308258928571428        4.5216657366071430E-002  0.11936021203850250        3.1901226043701170E-003   2.9939710670857624E-005
          32   4.4000000000000004      -0.49921344866071427        4.7028180803571427E-002  0.13506501428607842        3.4668322971888950E-003   3.6483664745381769E-005
          32   4.2000000000000002      -0.52731026785714286        4.9611607142857145E-002  0.15048052894627387        3.8676708766392301E-003   4.4828102048735935E-005
          32   4.0000000000000000      -0.55979213169642861        5.1927873883928569E-002  0.17409747177435264        4.2493190765380863E-003   5.5113968136928243E-005
          32   3.7999999999999998      -0.59643889508928571        5.5828543526785714E-002  0.19949910514987246        4.9116676875523161E-003   7.3279937724042351E-005
          32   3.5999999999999996      -0.63940569196428576        6.0052734375000000E-002  0.22723007052212749        5.6090638296944755E-003   9.2410037279478269E-005
          32   3.3999999999999999      -0.69053431919642860        6.6517020089285714E-002  0.27153433323007020        6.9024696350097657E-003   1.3907989431962569E-004
          32   3.2000000000000002      -0.75155301339285718        7.4323939732142852E-002  0.33781619670634194        8.6798019409179694E-003   2.2459459293999577E-004
          32   3.0000000000000000      -0.82397907366071432        8.8296735491071435E-002  0.41012776465950335        1.2157703672136580E-002   4.3664698577049421E-004
          32   2.7999999999999998      -0.91737360491071429       0.11242410714285714       0.53214172145679739        1.9513996669224331E-002   1.0886902523509758E-003
          32   2.5999999999999996       -1.0457204241071429       0.17061146763392857       0.74823656181125420        4.4083880560738697E-002   5.1304246036649728E-003
          32   2.3999999999999999       -1.2530613839285714       0.41036077008928573        1.3887077378738313       0.20886520004272460        6.9178131683478042E-002
          32   2.3900000000000001       -1.2658529575892856       0.43106333705357142        1.4499837832921101       0.22571379579816545        7.7634248299060613E-002
          32   2.3800000000000003       -1.2794592633928572       0.45512946428571427        1.4688448525605942       0.24649243273053850        8.9004058830710289E-002
          32   2.3700000000000001       -1.2942678571428572       0.47566448102678571        1.5317461007796491       0.26579320226396835       0.10041845489064768     
          32   2.3600000000000003       -1.3102513950892858       0.50073493303571426        1.5242514478738838       0.28836609758649556       0.11342977154531400     
          32   2.3500000000000001       -1.3260136718750000       0.52132952008928568        1.5904754568364887       0.30947279194423133       0.12772615544757199     
          32   2.3400000000000003       -1.3409215959821428       0.54526422991071433        1.6046539518028953       0.33299870899745398       0.14312931198644843     
          32   2.3300000000000001       -1.3567918526785714       0.56660477120535713        1.5702338692446693       0.35460110827854702       0.15773991090621503     
          32   2.3200000000000003       -1.3713680245535713       0.58914648437499995        1.6415937616445755       0.37861721038818358       0.17547922519811879     
          32   2.3100000000000001       -1.3893588169642856       0.61446079799107145        1.5833906082497333       0.40643466813223700       0.19629361276465662     
          32   2.3000000000000003       -1.4042279575892858       0.63414160156249999        1.6286274731244559       0.42827532659258161       0.21364342717136708     
          32   2.2900000000000000       -1.4214857700892858       0.65555775669642857        1.5976134400305328       0.45374515969412665       0.23507568129496731     
          32   2.2800000000000002       -1.4351188616071429       0.67226143973214281        1.6434014203521807       0.47481742095947266       0.25423598792804736     
          32   2.2700000000000000       -1.4533507254464286       0.69413448660714283        1.5963722775726168       0.50148363767351423       0.27803790443804921     
          32   2.2600000000000002       -1.4677419084821428       0.71002399553571427        1.5709976196030919       0.52185454286847799       0.29756878235086959     
          32   2.2500000000000000       -1.4844539620535715       0.72796986607142855        1.4870703878652960       0.54535540607997346       0.32054182895775013     
          32   2.2400000000000002       -1.4967633928571429       0.74054547991071429        1.5283858344139249       0.56237914548601420       0.33835625042438083     
          32   2.2300000000000000       -1.5120577566964286       0.75714285714285712        1.4466981475662675       0.58466239874703541       0.36105849481205016     
          32   2.2200000000000002       -1.5260669642857143       0.76907142857142852        1.4062853956410784       0.60190458134242464       0.38036466644548428     
          32   2.2100000000000000       -1.5380560825892857       0.78062220982142860        1.3596660963212881       0.61815522929600308       0.39814417195776852     
          32   2.2000000000000002       -1.5525142299107142       0.79343498883928576        1.3170744018905618       0.63687791333879740       0.41997154155872080     
          32   2.0000000000000000       -1.7464880022321430       0.91185770089285711       0.72641249663172403       0.83221641976492744       0.69494639401896607     
          32   1.8000000000000003       -1.8598783482142858       0.95699762834821434       0.44232581766507012       0.91604879951477047       0.83988432226394383     
          32   1.6000000000000001       -1.9282078683035715       0.97959626116071430       0.26170754540881797       0.95967643901279998       0.92123649381551198     
          32   1.4000000000000001       -1.9681141183035715       0.99138769531250004       0.14493213110241335       0.98287258011954171       0.96612867639875599     
          32   1.2000000000000002       -1.9893253348214286       0.99721456473214287        6.9467553987578853E-002  0.99444395119803297       0.98894678839790040     
          32   1.0000000000000000       -1.9988404017857142       0.99970452008928568        1.1605202806094894E-002  0.99940988377162387       0.99882312997372769     
          32  0.80000000000000004       -1.9999821428571429       0.99999553571428568        2.3665497437264088E-004  0.99999108069283626       0.99998219836188740     
          32  0.60000000000000009       -2.0000000000000000        1.0000000000000000        0.0000000000000000        1.0000000000000000        1.0000000000000000     
          32  0.40000000000000013       -2.0000000000000000        1.0000000000000000        0.0000000000000000        1.0000000000000000        1.0000000000000000     
          32  0.20000000000000018       -2.0000000000000000        1.0000000000000000        0.0000000000000000        1.0000000000000000        1.0000000000000000     
          64   5.0000000000000000      -0.42853501674107142        2.0928501674107144E-002   9.6732764282528472E-002   6.8791403089250836E-004   1.4032707759627427E-006
          64   4.7999999999999998      -0.44898116629464285        2.1868024553571428E-002  0.10788912538627966        7.4828686032976427E-004   1.6553709921416676E-006
          64   4.5999999999999996      -0.47191127232142860        2.2234061104910715E-002  0.12033041576448333        7.8758387906210762E-004   1.9408699210146096E-006
          64   4.4000000000000004      -0.49706605747767857        2.3281738281249999E-002  0.13561845596784497        8.5167806489127023E-004   2.1791618235137580E-006
          64   4.2000000000000002      -0.52602239118303573        2.4598109654017857E-002  0.15297191612395158        9.4411739281245635E-004   2.6221411250121814E-006
          64   4.0000000000000000      -0.55786237444196429        2.5929373604910714E-002  0.17096896770243575        1.0543101344789778E-003   3.3464971584058797E-006
          64   3.7999999999999998      -0.59489641462053566        2.7387311662946428E-002  0.19847880167490492        1.1778037718364171E-003   4.1347582664091726E-006
          64   3.5999999999999996      -0.63741071428571427        2.9640101841517857E-002  0.23051411131584032        1.3738257374082293E-003   5.5872686027466249E-006
          64   3.3999999999999999      -0.68710016741071434        3.2623570033482145E-002  0.26858319644952333        1.6796822037015643E-003   8.5548929058022952E-006
          64   3.2000000000000002      -0.74605894252232141        3.6299211774553572E-002  0.34079702143574581        2.0734949963433402E-003   1.3114382359475486E-005
          64   3.0000000000000000      -0.81849839564732141        4.2591727120535716E-002  0.39285476445355827        2.8308507033756800E-003   2.3688867560549300E-005
          64   2.7999999999999998      -0.91111893136160715        5.3443150111607142E-002  0.50648453769004309        4.4514047758919852E-003   5.8353520101767184E-005
          64   2.5999999999999996       -1.0330773577008929        7.7556187220982148E-002  0.70927944048478242        9.3767777681350705E-003   2.5579710474480879E-004
          64   2.3999999999999999       -1.2162463727678572       0.19013790457589286        1.2337969664004491        5.2996554272515435E-002   6.7091330732515567E-003
          64   2.3900000000000001       -1.2302776925223213       0.20944918387276787        1.2806770237183345        6.3509097456932062E-002   9.1557462308904571E-003
          64   2.3800000000000003       -1.2415386439732143       0.22676579938616070        1.3245236128899662        7.2685657722609390E-002   1.1429721310221798E-002
          64   2.3700000000000001       -1.2558316824776785       0.25044611467633926        1.4000535643458085        8.7175955755370002E-002   1.5654030915897788E-002
          64   2.3600000000000003       -1.2701125837053571       0.27797129603794640        1.5179823286182217       0.10431205601351602        2.1083431945497298E-002
          64   2.3500000000000001       -1.2870477818080357       0.31220134626116069        1.6053200233991194       0.12783087200777871        2.9415302851625195E-002
          64   2.3400000000000003       -1.3034127371651785       0.35086049107142858        1.7343301581174793       0.15557801580429076        4.0008274895589939E-002
          64   2.3300000000000001       -1.3197528599330357       0.38913556780133929        1.7991581290766780       0.18487345128399985        5.2585447550874687E-002
          64   2.3200000000000003       -1.3399136439732142       0.43726084681919641        1.8896415058796991       0.22405741914681027        7.1002173303628707E-002
          64   2.3100000000000001       -1.3574168526785715       0.47979282924107142        1.9600431970587404       0.26093419197627477        9.0077689315015419E-002
          64   2.3000000000000003       -1.3765202287946428       0.52534301757812496        1.9307377975238367       0.30265892459665028       0.11346298730502574     
          64   2.2900000000000000       -1.3955092075892856       0.56523880440848218        1.9859188678488022       0.34255712664127352       0.13866883639721650     
          64   2.2800000000000002       -1.4150871233258928       0.60312496512276781        1.8980617561328061       0.38265581326825276       0.16640151256208016     
          64   2.2700000000000000       -1.4343574218749999       0.63898971121651782        1.8868155046362332       0.42358413374423981       0.19747453570679843     
          64   2.2600000000000002       -1.4524366629464285       0.66929084123883931        1.7822635713004753       0.45994214873654504       0.22743746843267207     
          64   2.2500000000000000       -1.4699941406249999       0.69580433872767855        1.7505680630515319       0.49370688353266035       0.25749467852945879     
          64   2.2400000000000002       -1.4871990792410714       0.72070685686383928        1.6641127623462142       0.52602925905159537       0.28760290808034966     
          64   2.2300000000000000       -1.5032292829241072       0.74118708147321433        1.5857862199816366       0.55437264748982018       0.31618663709429534     
          64   2.2200000000000002       -1.5196469029017856       0.75896250697544643        1.4984918658761957       0.57979646507331306       0.34357454739112980     
          64   2.2100000000000000       -1.5340825892857144       0.77307721819196429        1.4524633913343488       0.60082954515729636       0.36750753346117809     
          64   2.2000000000000002       -1.5488872070312500       0.78816570172991074        1.3909147264069712       0.62355557841914044       0.39397916393721377     
          64   2.0000000000000000       -1.7460511997767858       0.91154830496651784       0.71653734803476254       0.83110778588908063       0.69135767898149558     
          64   1.8000000000000003       -1.8592119140625001       0.95683646065848216       0.43873091259442437       0.91558626970223023       0.83848168481957264     
          64   1.6000000000000001       -1.9282519531250000       0.97963497488839291       0.27151024954648045       0.95970204162597661       0.92109454041163064     
          64   1.4000000000000001       -1.9681695033482143       0.99140635463169646       0.14527280621186200       0.98289234936237335       0.96610010902298626     
          64   1.2000000000000002       -1.9885875418526786       0.99702525111607143        6.7461827685140918E-002  0.99406107957022527       0.98816429671161654     
          64   1.0000000000000000       -1.9973674665178571       0.99932836914062495        2.3719794324279064E-002  0.99865757725920001       0.99731850511729969     
          64  0.80000000000000004       -1.9999265485491071       0.99998144531249999        1.0453575612245911E-003  0.99996290152413503       0.99992584661574269     
          64  0.60000000000000009       -2.0000000000000000        1.0000000000000000        0.0000000000000000        1.0000000000000000        1.0000000000000000     
          64  0.40000000000000013       -2.0000000000000000        1.0000000000000000        0.0000000000000000        1.0000000000000000        1.0000000000000000     
          64  0.20000000000000018       -2.0000000000000000        1.0000000000000000        0.0000000000000000        1.0000000000000000        1.0000000000000000     
         128   5.0000000000000000      -0.42809758649553570        1.0527178083147322E-002   9.6231606827186622E-002   1.7373246912445340E-004   9.0768392852301282E-008
         128   4.7999999999999998      -0.44882003348214283        1.0876238141741072E-002  0.11017772075629435        1.8705637114388603E-004   1.0601252172052052E-007
         128   4.5999999999999996      -0.47172984095982146        1.1229178292410715E-002  0.11584417006766357        1.9761962124279568E-004   1.1598298800428810E-007
         128   4.4000000000000004      -0.49706161063058035        1.1658046177455358E-002  0.13353810933629326        2.1495033587728228E-004   1.3949564009691734E-007
         128   4.2000000000000002      -0.52525498744419641        1.2232116699218750E-002  0.15047601002184044        2.3571121160473142E-004   1.6714583566098832E-007
         128   4.0000000000000000      -0.55745472935267859        1.3013793945312499E-002  0.17115562599150280        2.6485468447208407E-004   2.0651986556217774E-007
         128   3.7999999999999998      -0.59389369419642857        1.3811070033482142E-002  0.19824033336173263        2.9893522390297478E-004   2.6808329968448193E-007
         128   3.5999999999999996      -0.63659409877232143        1.4806971958705357E-002  0.22816868500041426        3.4497416870934625E-004   3.6119642204233775E-007
         128   3.3999999999999999      -0.68648221261160713        1.6353559221540179E-002  0.26768774584051463        4.2137637202228819E-004   5.4312376519207092E-007
         128   3.2000000000000002      -0.74576365443638393        1.8303379603794644E-002  0.32653217070404134        5.2517389612538471E-004   8.4184696558544020E-007
         128   3.0000000000000000      -0.81810642787388388        2.1356968470982143E-002  0.40718398735063804        7.1639915023531231E-004   1.5417283586185121E-006
         128   2.7999999999999998      -0.90886626325334818        2.6836591448102680E-002  0.52024838211778213        1.1293209461229188E-003   3.8047863712716212E-006
         128   2.5999999999999996       -1.0291507568359375        3.7405997140066961E-002  0.72417134759546764        2.2071436909692627E-003   1.4446001834086889E-005
         128   2.3999999999999999       -1.2073091343470983        8.3702235630580352E-002   1.1479834850894755        1.0859172627329826E-002   3.3737427576399474E-004
         128   2.3900000000000001       -1.2193702741350447        9.0240530831473209E-002   1.1737526087391881        1.2612696317689760E-002   4.5072860528122213E-004
         128   2.3800000000000003       -1.2314129987444196        9.6866594587053573E-002   1.2384333461378212        1.4553540966340473E-002   6.0154249242276212E-004
         128   2.3700000000000001       -1.2438135811941964       0.10639772251674107        1.2970312130107744        1.7480525497879301E-002   8.5848394450413772E-004
         128   2.3600000000000003       -1.2574990059988840       0.11955549839564732        1.3569100289236040        2.1739613444677421E-002   1.2504252485566131E-003
         128   2.3500000000000001       -1.2713743547712053       0.13473262241908482        1.4670331230983500        2.7594259403645991E-002   2.0196462867933750E-003
         128   2.3400000000000003       -1.2853116629464285       0.15559623500279018        1.5156454600292015        3.6194566906562871E-002   3.3139462136296829E-003
         128   2.3300000000000001       -1.3015401088169642       0.18382319859095983        1.5833067155492486        4.8876148525093283E-002   5.4954964846812273E-003
         128   2.3200000000000003       -1.3176570521763393       0.22232704380580356        1.7076198863488283        6.9223851112382759E-002   1.0044884714233499E-002
         128   2.3100000000000001       -1.3353519461495535       0.27739089529854910        1.9582926365680291       0.10180117025226354        1.8977199329889775E-002
         128   2.3000000000000003       -1.3570693010602679       0.35335487583705355        2.2072511983486081       0.15348142225827491        3.6719362214999419E-002
         128   2.2900000000000000       -1.3784045235770088       0.43478641183035716        2.3088810485809153       0.21583071208851679        6.2127964151737117E-002
         128   2.2800000000000002       -1.4018385184151785       0.51978950718470984        2.2860785337405818       0.28976988253529584        9.9014419970343978E-002
         128   2.2700000000000000       -1.4243609619140625       0.58913576834542414        2.1626605219379136       0.35912762953447447       0.14107371203128310     
         128   2.2600000000000002       -1.4448822195870537       0.63994723074776783        2.0696518270218434       0.41675471751604759       0.18288716060298374     
         128   2.2500000000000000       -1.4651190359933035       0.67960286167689732        1.9581835890306665       0.46619709670011489       0.22397080649811216     
         128   2.2400000000000002       -1.4831747174944196       0.71000295584542406        1.7787185848871385       0.50672430968391047       0.26130190388398666     
         128   2.2300000000000000       -1.5009672677176340       0.73507111467633923        1.6854315051050817       0.54205526982460706       0.29718424518557501     
         128   2.2200000000000002       -1.5173438197544642       0.75475465611049108        1.5494866295472045       0.57081211925830155       0.32829886679403919     
         128   2.2100000000000000       -1.5327908761160713       0.77166940743582590        1.4514094662293031       0.59628750473367320       0.35741364772250872     
         128   2.2000000000000002       -1.5467803606305803       0.78505536760602679        1.4182955188561741       0.61696816115932807       0.38220956418267982     
         128   2.0000000000000000       -1.7457103097098214       0.91139993722098211       0.72316546239198942       0.83069706611548155       0.69021410900114977     
         128   1.8000000000000003       -1.8593396170479910       0.95687649972098210       0.43945392028686941       0.91562515785012921       0.83841525681632656     
         128   1.6000000000000001       -1.9282460763113840       0.97962282889229912       0.26018448333218197       0.95966506652001826       0.92097307781164395     
         128   1.4000000000000001       -1.9681155657087053       0.99139181954520095       0.14581721533970116       0.98285920445514574       0.96601797220920305     
         128   1.2000000000000002       -1.9886193673270089       0.99703161621093750        6.6442029194351743E-002  0.99407246939199312       0.98818176671731561     
         128   1.0000000000000000       -1.9971851283482143       0.99928166852678568        2.3082285078999121E-002  0.99856394813741955       0.99713033825282338     
         128  0.80000000000000004       -1.9997406180245536       0.99993471854073657        3.9648260326430309E-003  0.99986945124076942       0.99973895910327037     
         128  0.60000000000000009       -1.9999997558593750       0.99999993896484374        5.4226499438906695E-006  0.99999987793713807       0.99999975590407486     
         128  0.40000000000000013       -2.0000000000000000        1.0000000000000000        0.0000000000000000        1.0000000000000000        1.0000000000000000     
         128  0.20000000000000018       -2.0000000000000000        1.0000000000000000        0.0000000000000000        1.0000000000000000        1.0000000000000000     
