          16   5.0000000000000000      -0.43688616071428571        8.9118303571428567E-002   9.2683641581632795E-002   1.2323434012276785E-002   4.9220549740961622E-004
          16   4.9000000000000004      -0.43180803571428572        8.2784598214285715E-002   8.8996055002592542E-002   1.0575430733816964E-002   3.0812864590968404E-004
          16   4.7999999999999998      -0.46155133928571429        8.7137276785714285E-002  0.10352306409217335        1.1379786900111608E-002   3.3107374661735126E-004
          16   4.7000000000000002      -0.45608258928571427        8.9927455357142860E-002  0.10689799700437000        1.2494986397879465E-002   4.3278907292655536E-004
          16   4.5999999999999996      -0.47260044642857141        9.0178571428571427E-002  0.12386490291414309        1.2979561941964285E-002   5.0872404660497390E-004
          16   4.5000000000000000      -0.48331473214285714        8.7053571428571425E-002  0.12951621157722326        1.1790248325892858E-002   4.2712890676089698E-004
          16   4.4000000000000004      -0.49938616071428571        9.1434151785714290E-002  0.14396592589127583        1.3231767926897321E-002   5.7387640699744222E-004
          16   4.2999999999999998      -0.50954241071428574        8.8030133928571425E-002  0.13929546686846730        1.2694658551897322E-002   4.9383205228618215E-004
          16   4.2000000000000002      -0.52243303571428568       0.10092075892857143       0.14935165180017623        1.5623038155691965E-002   7.3023437123213495E-004
          16   4.0999999999999996      -0.54464285714285710       0.10625000000000000       0.16513721788537047        1.7641339983258928E-002   8.3142734531845366E-004
          16   4.0000000000000000      -0.55011160714285712        9.9693080357142860E-002  0.15968172034438854        1.5316118512834822E-002   7.4859611423952238E-004
          16   3.8999999999999999      -0.57784598214285710       0.11102120535714285       0.17920116456346008        1.9884599958147321E-002   1.2091659674687044E-003
          16   3.7999999999999998      -0.60239955357142860       0.10881696428571429       0.23572288701664867        1.9218226841517857E-002   1.1656610561268670E-003
          16   3.7000000000000002      -0.61088169642857137       0.12363281249999999       0.20424182844248065        2.3521859305245536E-002   1.6502184394214835E-003
          16   3.5999999999999996      -0.64458705357142854       0.12421875000000000       0.21544650484615238        2.4025181361607143E-002   1.7195591969149453E-003
          16   3.5000000000000000      -0.66573660714285710       0.12354910714285715       0.25974463765098049        2.3498971121651786E-002   1.5796205028891564E-003
          16   3.3999999999999999      -0.69977678571428570       0.12692522321428570       0.25304974931148982        2.4637930733816964E-002   1.7219776952905315E-003
          16   3.2999999999999998      -0.71964285714285714       0.14034598214285715       0.28206344521279580        3.1738717215401786E-002   2.9775466503841538E-003
          16   3.2000000000000002      -0.75117187500000004       0.14218749999999999       0.33437292916434208        3.1702096121651785E-002   2.9357511284095902E-003
          16   3.0999999999999996      -0.78158482142857144       0.16118861607142856       0.36067041931236576        3.8357325962611606E-002   3.7613703869283201E-003
          16   3.0000000000000000      -0.82762276785714284       0.18105468750000001       0.40319223001700760        5.0120108468191961E-002   6.9906377765749182E-003
          16   2.8999999999999999      -0.86255580357142858       0.18613281249999999       0.47990796534130881        5.3158351353236606E-002   7.6267725788056852E-003
          16   2.7999999999999998      -0.90876116071428570       0.20521763392857142       0.61890055169070413        6.7015075683593744E-002   1.2591823469847441E-002
          16   2.6999999999999997      -0.96378348214285714       0.25664062500000001       0.58295092085188116        9.6064540318080358E-002   2.0760764580752170E-002
          16   2.5999999999999996       -1.0388392857142856       0.30404575892857144       0.80522053495955148       0.13019082205636159        3.6222329589405231E-002
          16   2.5000000000000000       -1.1324977678571428       0.39045284598214286        1.0747445140816398       0.20373963056291852        7.6854385753694396E-002
          16   2.3999999999999999       -1.2549581473214286       0.51684207589285713        1.4111210314000151       0.32426936558314734       0.15742121610311524     
          16   2.2999999999999998       -1.4056702008928572       0.67032505580357138        1.5145010994795500       0.49262682887486048       0.29603008365883893     
          16   2.2900000000000000       -1.4220039062500001       0.68479882812500004        1.5305249054762564       0.51042901829310827       0.31331735350843520     
          16   2.2800000000000002       -1.4382204241071428       0.70102483258928572        1.5081758826198837       0.52981260681152342       0.33115955143381975     
          16   2.2700000000000000       -1.4511579241071428       0.71313141741071429        1.5035670047789538       0.54463665989467080       0.34575568318007782     
          16   2.2600000000000002       -1.4660189732142856       0.72350837053571426        1.4791344720167929       0.55861633300781255       0.36043169261940888     
          16   2.2500000000000000       -1.4827126116071430       0.73973911830357142        1.4366596365425608       0.57865055847167968       0.38028996956840688     
          16   2.2400000000000002       -1.4968750000000000       0.75209821428571433        1.3965653400031948       0.59447917829241070       0.39615393399287546     
          16   2.2300000000000000       -1.5078666294642857       0.75992410714285719        1.4174269468933580       0.60563178798130579       0.40920343145648286     
          16   2.2200000000000002       -1.5230597098214285       0.77216489955357148        1.3741934642958513       0.62193991306849883       0.42677181472882098     
          16   2.2100000000000000       -1.5385686383928572       0.78543136160714289        1.3270466684160984       0.63896372331891738       0.44474030270187981     
          16   2.2000000000000002       -1.5491662946428570       0.79421902901785713        1.2924945969361545       0.65107786996023997       0.45864509176981766     
          16   2.1000000000000001       -1.6608777901785714       0.86789620535714285       0.95876902692093491       0.76064400809151789       0.59598124311864376     
          16   2.0000000000000000       -1.7470279017857142       0.91196233258928572       0.71294136088968685       0.83454795837402340       0.70495465015686520     
          16   1.9000000000000001       -1.8201450892857143       0.94316406249999996       0.52619013758548583       0.89079175676618305       0.79765536424570849     
          16   1.8000000000000003       -1.8527343750000000       0.95412946428571432       0.48104228670633420       0.91171613420758923       0.83538474153195108     
          16   1.7000000000000002       -1.8963727678571429       0.96961495535714282       0.32386235744296082       0.94058074951171877       0.88626311310966099     
          16   1.6000000000000001       -1.9323102678571429       0.98071986607142858       0.22392148387671001       0.96203155517578121       0.92633902290835979     
          16   1.5000000000000000       -1.9501674107142857       0.98616071428571428       0.18997696995463936       0.97265755789620534       0.94661899073315514     
          16   1.4000000000000001       -1.9679687500000000       0.99140625000000004       0.15024826895043761       0.98297642299107146       0.96659326090344366     
          16   1.3000000000000003       -1.9780691964285715       0.99416852678571432       0.12777319692666356       0.98843710763113835       0.97726554842665792     
          16   1.2000000000000002       -1.9890066964285715       0.99718191964285718        7.3536152742311345E-002  0.99439980643136161       0.98894108955615334     
          16   1.1000000000000001       -1.9951450892857143       0.99877232142857142        2.9141059833025878E-002  0.99755510602678577       0.99515168422034805     
          16   1.0000000000000000       -1.9973772321428571       0.99933035714285712        1.9890784438757692E-002  0.99866638183593748       0.99735523001956083     
          16  0.90000000000000013       -1.9995535714285715       0.99988839285714282        4.3461829175803230E-003  0.99977765764508930       0.99955877581877373     
          16  0.80000000000000004       -1.9997767857142856       0.99994419642857146        2.7702487246372694E-003  0.99988882882254460       0.99977938790938681     
          16  0.70000000000000018       -1.9998883928571429       0.99997209821428568        1.8156497290243451E-003  0.99994441441127235       0.99988969395469340     
          16  0.60000000000000009       -2.0000000000000000        1.0000000000000000        0.0000000000000000        1.0000000000000000        1.0000000000000000     
          16  0.50000000000000000       -2.0000000000000000        1.0000000000000000        0.0000000000000000        1.0000000000000000        1.0000000000000000     
          16  0.40000000000000013       -2.0000000000000000        1.0000000000000000        0.0000000000000000        1.0000000000000000        1.0000000000000000     
          16  0.30000000000000004       -2.0000000000000000        1.0000000000000000        0.0000000000000000        1.0000000000000000        1.0000000000000000     
          16  0.20000000000000018       -2.0000000000000000        1.0000000000000000        0.0000000000000000        1.0000000000000000        1.0000000000000000     
          32   5.0000000000000000      -0.42914341517857141        3.9097377232142856E-002   9.2646356823980799E-002   2.4225643702915738E-003   1.7074354036594742E-005
          32   4.9000000000000004      -0.43508649553571427        4.3973214285714289E-002  0.10440708929474525        2.9444013323102680E-003   2.3408812038334351E-005
          32   4.7999999999999998      -0.44640066964285713        4.2878069196428573E-002  0.11310461481141997        2.8413908822195869E-003   2.1175889196456409E-005
          32   4.7000000000000002      -0.46103515625000002        4.1922433035714288E-002  0.11348871348137372        2.9769352504185266E-003   3.2325304761928109E-005
          32   4.5999999999999996      -0.47502790178571430        4.6142578125000000E-002  0.12524891587660489        3.2761573791503908E-003   3.1575133938791361E-005
          32   4.5000000000000000      -0.47668805803571429        4.7593470982142859E-002  0.12591686153628018        3.6423410688127792E-003   4.0003509171323718E-005
          32   4.4000000000000004      -0.49409877232142857        4.5758928571428568E-002  0.14511225239224065        3.1401497977120536E-003   2.5369254581164567E-005
          32   4.2999999999999998      -0.50984933035714286        4.7419084821428571E-002  0.12182584042946673        3.5123280116489955E-003   3.7765560825521658E-005
          32   4.2000000000000002      -0.52537667410714284        4.9644252232142860E-002  0.13596583337310506        4.1137831551688060E-003   6.2170716669892765E-005
          32   4.0999999999999996      -0.54199218750000000        5.4652622767857144E-002  0.15222822565224667        4.6080044337681357E-003   5.9657765970249394E-005
          32   4.0000000000000000      -0.55682198660714288        5.0802176339285715E-002  0.18982769401705823        3.9888245718819751E-003   4.5449743265635337E-005
          32   3.8999999999999999      -0.57611607142857146        5.5468749999999997E-002  0.19454549571307633        4.8876081194196425E-003   6.5114655756458114E-005
          32   3.7999999999999998      -0.59359654017857144        5.2936662946428570E-002  0.21139106963985399        4.2713574000767295E-003   5.1700151639774308E-005
          32   3.7000000000000002      -0.60913783482142858        6.0763113839285711E-002  0.20540918756335572        5.3987094334193636E-003   7.0548557674296068E-005
          32   3.5999999999999996      -0.63364955357142860        6.0156250000000001E-002  0.19662639361299672        5.4022107805524553E-003   7.5097295172911669E-005
          32   3.5000000000000000      -0.65738002232142856        6.1481584821428570E-002  0.29833986815389596        5.7142802647181922E-003   8.5110439457431697E-005
          32   3.3999999999999999      -0.68634207589285712        6.1188616071428573E-002  0.24929326624951850        5.8010918753487722E-003   9.1883904055326383E-005
          32   3.2999999999999998      -0.71386718750000000        6.6643415178571433E-002  0.28719879394594827        7.3405402047293528E-003   2.0627877477506575E-004
          32   3.2000000000000002      -0.74069475446428568        6.8212890624999994E-002  0.29257698448338360        7.1961947849818637E-003   1.4536933361211724E-004
          32   3.0999999999999996      -0.77642299107142854        8.3461216517857137E-002  0.35950299897535259        1.0576425279889787E-002   3.0471409123232918E-004
          32   3.0000000000000000      -0.81815011160714290        8.9139229910714282E-002  0.42392854928428075        1.2036037445068360E-002   3.6843949455942491E-004
          32   2.8999999999999999      -0.86005859375000004       0.10100446428571429       0.52697167089560382        1.5325628008161273E-002   6.0876073953945059E-004
          32   2.7999999999999998      -0.90711495535714282       0.10251116071428572       0.52986538405222083        1.6242544991629464E-002   7.2959514218382535E-004
          32   2.6999999999999997      -0.96215122767857142       0.12048688616071429       0.53745933655098432        2.3024463653564455E-002   1.4879945887514624E-003
          32   2.5999999999999996       -1.0320172991071428       0.14384068080357143       0.68347980198462921        3.1596660614013672E-002   2.7924161251056440E-003
          32   2.5000000000000000       -1.1073150111607142       0.20080440848214287       0.88342634325261316        6.0552607672555103E-002   9.3460683908664841E-003
          32   2.3999999999999999       -1.2137731584821430       0.31567027064732145        1.2740012299898260       0.13703802013397218        3.7265544712895331E-002
          32   2.2999999999999998       -1.3755267857142857       0.56771205357142862        1.8987743024478780       0.36441974885123118       0.17232737842490417     
          32   2.2900000000000000       -1.3934881417410714       0.59653976004464282        1.9003461260082615       0.39415590558733260       0.19372670193360578     
          32   2.2800000000000002       -1.4151633649553572       0.63068359375000005        1.8981307378474799       0.43141328757149833       0.22258520642684432     
          32   2.2700000000000000       -1.4311835937499999       0.64953522600446434        1.8842275002738202       0.45345334420885358       0.24154962779788444     
          32   2.2600000000000002       -1.4494447544642857       0.67458635602678574        1.8356582714350216       0.48309276281084335       0.26692736077018758     
          32   2.2500000000000000       -1.4681216517857143       0.70104547991071431        1.7497861000251480       0.51416791806902207       0.29409306912586702     
          32   2.2400000000000002       -1.4870937500000001       0.72542459542410709        1.6677125037724252       0.54474998188018797       0.32289944385632979     
          32   2.2300000000000000       -1.5026901506696428       0.74276171874999997        1.5673417793982658       0.56681037248883925       0.34442276841129932     
          32   2.2200000000000002       -1.5175126953125000       0.75596568080357140        1.5520512833337849       0.58611616161891389       0.36580193147194118     
          32   2.2100000000000000       -1.5324896763392857       0.77172649274553573        1.4870270966299182       0.60675036525726322       0.38733001138870948     
          32   2.2000000000000002       -1.5458517020089286       0.78434388950892853        1.3983915533643549       0.62456107384817938       0.40693312938546505     
          32   2.1000000000000001       -1.6620989118303571       0.86846623883928575       0.96382407564842254       0.75640671103341239       0.57779789930696801     
          32   2.0000000000000000       -1.7458168247767858       0.91149142020089291       0.72597436909575208       0.83156841455187114       0.69391400023490601     
          32   1.9000000000000001       -1.8085937500000000       0.93872767857142858       0.46825534230308302       0.88151427677699501       0.77812413591278273     
          32   1.8000000000000003       -1.8598214285714285       0.95726841517857142       0.40220497921401682       0.91655333382742743       0.84075810395463901     
          32   1.7000000000000002       -1.8972935267857143       0.96961495535714282       0.34555706473756825       0.94027154105050226       0.88455147082505781     
          32   1.6000000000000001       -1.9292829241071427       0.97983398437500002       0.25111599357785502       0.96014100483485632       0.92212433430296581     
          32   1.5000000000000000       -1.9506975446428572       0.98639090401785712       0.19255633503396691       0.97300680705479214       0.94689625513019560     
          32   1.4000000000000001       -1.9693777901785714       0.99172014508928574       0.14206472807547132       0.98353169304983956       0.96742419479835784     
          32   1.3000000000000003       -1.9793387276785714       0.99454520089285714       0.10056423873171703       0.98913296290806363       0.97843454864487289     
          32   1.2000000000000002       -1.9888532366071427       0.99711914062499996        6.0414978166060472E-002  0.99425257274082723       0.98856196030189625     
          32   1.1000000000000001       -1.9935825892857142       0.99836077008928570        4.4102610052670396E-002  0.99672773906162804       0.99348015557370672     
          32   1.0000000000000000       -1.9970145089285714       0.99923967633928568        2.1899713010498090E-002  0.99848135539463589       0.99697069666409721     
          32  0.90000000000000013       -1.9989397321428573       0.99973493303571426        9.6017573687950698E-003  0.99947041102818079       0.99894299720285096     
          32  0.80000000000000004       -1.9996093749999999       0.99990234374999998        5.3362165182591062E-003  0.99980490548270085       0.99961068076892323     
          32  0.70000000000000018       -1.9999441964285714       0.99998604910714284        9.0457101206845145E-004  0.99997212546212333       0.99994435970282736     
          32  0.60000000000000009       -2.0000000000000000        1.0000000000000000        0.0000000000000000        1.0000000000000000        1.0000000000000000     
          32  0.50000000000000000       -2.0000000000000000        1.0000000000000000        0.0000000000000000        1.0000000000000000        1.0000000000000000     
          32  0.40000000000000013       -2.0000000000000000        1.0000000000000000        0.0000000000000000        1.0000000000000000        1.0000000000000000     
          32  0.30000000000000004       -2.0000000000000000        1.0000000000000000        0.0000000000000000        1.0000000000000000        1.0000000000000000     
          32  0.20000000000000018       -2.0000000000000000        1.0000000000000000        0.0000000000000000        1.0000000000000000        1.0000000000000000     
          64   5.0000000000000000      -0.42940499441964286        2.0617675781250001E-002   9.6527660634565110E-002   6.7338688032967699E-004   1.3754765090214147E-006
          64   4.9000000000000004      -0.43824288504464287        2.2229003906249999E-002   9.8173942507876824E-002   8.0397725105285645E-004   1.9903406128816772E-006
          64   4.7999999999999998      -0.44979422433035715        2.2739955357142856E-002  0.10889190665178067        7.9551083700997493E-004   1.7277437710358105E-006
          64   4.7000000000000002      -0.46207449776785714        2.5981794084821430E-002   9.8886784972305186E-002   9.9591101918901706E-004   2.4971950728464823E-006
          64   4.5999999999999996      -0.46914760044642856        2.2176688058035715E-002  0.10914106918317007        7.8905395099094936E-004   1.8544404434399960E-006
          64   4.5000000000000000      -0.48451102120535716        2.2326660156250001E-002  0.12765209425783780        8.0557806151253838E-004   2.0050578726227286E-006
          64   4.4000000000000004      -0.49838518415178573        2.3470633370535714E-002  0.13389931233380484        8.6606655802045544E-004   2.1553252364826999E-006
          64   4.2999999999999998      -0.50875069754464286        2.4412318638392858E-002  0.14002996903576931        8.8546872138977055E-004   2.0879492189302645E-006
          64   4.2000000000000002      -0.52262486049107137        2.3078264508928571E-002  0.13721629286681578        8.0460480281284875E-004   1.8795412521350434E-006
          64   4.0999999999999996      -0.53980887276785716        2.4734933035714286E-002  0.15780397083170314        9.5615727560860767E-004   2.8089872695805492E-006
          64   4.0000000000000000      -0.55753696986607137        2.5310407366071430E-002  0.15867319223833931        9.9207333156040738E-004   2.7508823101080841E-006
          64   3.8999999999999999      -0.57459542410714282        2.8761509486607145E-002  0.17593198830322457        1.2319232736315046E-003   3.8952600011806940E-006
          64   3.7999999999999998      -0.59278041294642858        2.7073451450892856E-002  0.20558629469143772        1.1666749204908098E-003   4.1873473607876936E-006
          64   3.7000000000000002      -0.61471121651785710        2.9050990513392858E-002  0.24835406250933639        1.2009441852569580E-003   3.7079652273064312E-006
          64   3.5999999999999996      -0.63801618303571428        3.1509835379464286E-002  0.22728735591459223        1.6098030975886754E-003   8.4094176212293602E-006
          64   3.5000000000000000      -0.66112234933035718        2.9818289620535714E-002  0.24530221375856370        1.4343423502785819E-003   6.5377543200335304E-006
          64   3.3999999999999999      -0.68692103794642856        3.2390485491071430E-002  0.28322193422406294        1.6394036156790598E-003   7.6355365487350874E-006
          64   3.2999999999999998      -0.71425083705357140        3.5932268415178568E-002  0.23502422986238489        2.0397518362317768E-003   1.2746631750612128E-005
          64   3.2000000000000002      -0.74625767299107137        3.9681570870535712E-002  0.37741676155405018        2.4203956127166748E-003   1.7495744653623595E-005
          64   3.0999999999999996      -0.78145577566964286        4.1542271205357140E-002  0.34925511211977228        2.6188714163643974E-003   1.9579112630805995E-005
          64   3.0000000000000000      -0.81593191964285716        4.4412667410714285E-002  0.35883237670067403        3.2003198351178851E-003   3.1433652507725385E-005
          64   2.8999999999999999      -0.86063406808035714        4.5453752790178568E-002  0.42589134403855156        3.2525326524462019E-003   3.3635445759167783E-005
          64   2.7999999999999998      -0.90831473214285718        5.2797154017857145E-002  0.63265580666255550        4.1552015713282996E-003   4.3647376723957419E-005
          64   2.6999999999999997      -0.96283133370535712        6.1275809151785716E-002  0.62666868726336433        5.9970106397356305E-003   1.1470680562167348E-004
          64   2.5999999999999996       -1.0300920758928571        7.5755092075892858E-002  0.72152189971767766        8.5552275180816647E-003   1.8958607877164825E-004
          64   2.5000000000000000       -1.1061911621093750        9.9359933035714290E-002  0.85609724460387948        1.5357355441365923E-002   6.8476556028228893E-004
          64   2.3999999999999999       -1.2043892996651786       0.16037431989397322        1.1434923734253428        3.8917808864797863E-002   3.9978844291612727E-003
          64   2.2999999999999998       -1.3569347446986608       0.44160679408482145        2.1163161088006679       0.23349568046842303        7.9543904672414942E-002
          64   2.2900000000000000       -1.3760243443080358       0.48307235281808036        2.2304847694869325       0.27103586047887801       0.10071332417464622     
          64   2.2800000000000002       -1.4014061104910713       0.55040584891183031        2.2672996631882949       0.33511229985952379       0.13956897672588417     
          64   2.2700000000000000       -1.4220752301897321       0.59464022391183036        2.2200160901604913       0.38075595485312597       0.17066635032255956     
          64   2.2600000000000002       -1.4429825613839287       0.63498228236607146        2.1218848942036561       0.42582676366397315       0.20466072549580361     
          64   2.2500000000000000       -1.4637262834821430       0.67971215820312503        1.9341265731289936       0.47485214114189150       0.24243864431512901     
          64   2.2400000000000002       -1.4812135532924107       0.70253102329799111        1.8727757979162440       0.50515950598887038       0.27073704639654755     
          64   2.2300000000000000       -1.4991600864955357       0.73019735281808040        1.7354998174892740       0.54051641468490874       0.30383380881026306     
          64   2.2200000000000002       -1.5159205496651786       0.75223284040178573        1.5944082487905782       0.57055131837299888       0.33431039540817953     
          64   2.2100000000000000       -1.5318046875000000       0.76969086565290179        1.4776385056504582       0.59581845526184352       0.36186169392906881     
          64   2.2000000000000002       -1.5460408063616071       0.78398934500558037        1.3932357453789086       0.61744519714798252       0.38717115974573657     
          64   2.1000000000000001       -1.6621146065848214       0.86880414690290175       0.94759384099526867       0.75529579757792609       0.57187761217015487     
          64   2.0000000000000000       -1.7456675153459822       0.91135801478794642       0.72788507847235451       0.83076348178727288       0.69079366287132649     
          64   1.9000000000000001       -1.8102120535714286       0.93844517299107144       0.54713425363231061       0.88077088594436648       0.77607748347996541     
          64   1.8000000000000003       -1.8597098214285714       0.95690917968750000       0.38456706467322971       0.91572032826287408       0.83870833399614919     
          64   1.7000000000000002       -1.8994419642857143       0.97054268973214286       0.33343971779900389       0.94198064974376139       0.88743110603220632     
          64   1.6000000000000001       -1.9283342633928571       0.97965785435267860       0.24349944445560817       0.95974601081439426       0.92117563943657765     
          64   1.5000000000000000       -1.9514369419642856       0.98652518136160716       0.18184134070341113       0.97324093835694447       0.94723295550364428     
          64   1.4000000000000001       -1.9686732700892857       0.99157714843750000       0.14349682993474278       0.98323088714054652       0.96676515855348677     
          64   1.3000000000000003       -1.9804652622767858       0.99482945033482140       0.10459864708063184       0.98968898313386100       0.97949752368154164     
          64   1.2000000000000002       -1.9887032645089286       0.99705810546874996        6.4936665991252876E-002  0.99412649784769336       0.98829397969855615     
          64   1.1000000000000001       -1.9939941406249999       0.99845319475446426        4.3947618435272146E-002  0.99690967202186587       0.99383244100231805     
          64   1.0000000000000000       -1.9972551618303571       0.99930071149553568        2.0716627470392268E-002  0.99860225149563375       0.99720781211388521     
          64  0.90000000000000013       -1.9987025669642857       0.99967041015625002        1.2327963591860114E-002  0.99934108853340153       0.99868324886808080     
          64  0.80000000000000004       -1.9996372767857142       0.99990757533482144        4.3459522487410132E-003  0.99981520431382320       0.99963062306635719     
          64  0.70000000000000018       -1.9999441964285714       0.99998604910714284        8.8504789624605472E-004  0.99997210502624512       0.99994423728702486     
          64  0.60000000000000009       -1.9999581473214285       0.99998953683035718        9.1012967560446742E-004  0.99997907876968384       0.99995817796526865     
          64  0.50000000000000000       -2.0000000000000000        1.0000000000000000        0.0000000000000000        1.0000000000000000        1.0000000000000000     
          64  0.40000000000000013       -2.0000000000000000        1.0000000000000000        0.0000000000000000        1.0000000000000000        1.0000000000000000     
          64  0.30000000000000004       -2.0000000000000000        1.0000000000000000        0.0000000000000000        1.0000000000000000        1.0000000000000000     
          64  0.20000000000000018       -2.0000000000000000        1.0000000000000000        0.0000000000000000        1.0000000000000000        1.0000000000000000     
         128   5.0000000000000000      -0.42770560128348212        9.6762520926339281E-003   8.8343904954581373E-002   1.5255154243537357E-004   7.7220788919601144E-008
         128   4.9000000000000004      -0.43785138811383928        1.0306658063616072E-002   9.1526074261899001E-002   1.6466075820582255E-004   7.1746241413801165E-008
         128   4.7999999999999998      -0.45011422293526787        1.0955374581473214E-002  0.10531866144971345        1.8904288964612144E-004   9.9611769045176199E-008
         128   4.7000000000000002      -0.45851789202008930        1.0513741629464286E-002  0.10967378023111106        1.7373806663921901E-004   9.3981037579166892E-008
         128   4.5999999999999996      -0.47237374441964286        1.1280168805803572E-002  0.12031113618060932        2.0849640880312239E-004   1.6390189867226163E-007
         128   4.5000000000000000      -0.48316911969866072        1.1750575474330357E-002  0.12355426860415684        2.2381219480718884E-004   1.6991679387877235E-007
         128   4.4000000000000004      -0.49785330636160713        1.1749703543526786E-002  0.11957990260646242        2.0880906709602902E-004   1.2410960320960056E-007
         128   4.2999999999999998      -0.50898873465401784        1.2147739955357144E-002  0.13881547916721854        2.3820772767066956E-004   1.7164383914350776E-007
         128   4.2000000000000002      -0.52546822684151784        1.1271885463169642E-002  0.13382985358097266        2.0565874874591827E-004   1.3249094121417899E-007
         128   4.0999999999999996      -0.53997105189732142        1.4018467494419642E-002  0.16496334745836883        2.9813641948359354E-004   2.6181690656363568E-007
         128   4.0000000000000000      -0.55577741350446430        1.2505667550223214E-002  0.16796431249503030        2.4366809853485652E-004   1.6352561247402952E-007
         128   3.8999999999999999      -0.57332502092633930        1.3256399972098215E-002  0.15957784466521746        2.7885570057800837E-004   2.4175493081471773E-007
         128   3.7999999999999998      -0.59386945452008932        1.3090297154017856E-002  0.20716302213849835        2.6492082646914890E-004   2.0824790647625389E-007
         128   3.7000000000000002      -0.61512974330357140        1.5038190569196428E-002  0.22560106322026152        3.5204089113644190E-004   3.4869309335653197E-007
         128   3.5999999999999996      -0.63519199916294644        1.5468488420758928E-002  0.22797142080701829        3.9005699966635025E-004   4.9413504431946750E-007
         128   3.5000000000000000      -0.66078404017857140        1.3636997767857142E-002  0.24914830409212227        3.1804250819342478E-004   3.3291632857463632E-007
         128   3.3999999999999999      -0.68663417271205363        1.5971156529017858E-002  0.27036775942268487        3.9403300200189861E-004   4.6075314923240840E-007
         128   3.2999999999999998      -0.71436070033482146        1.7610822405133928E-002  0.25201342239487340        4.8075802624225616E-004   6.5133522173125136E-007
         128   3.2000000000000002      -0.74607369559151782        1.8174089704241073E-002  0.30955216227752652        5.4394831614834919E-004   9.8290664435420261E-007
         128   3.0999999999999996      -0.77995082310267860        1.8772234235491070E-002  0.34525522709492290        5.4320059716701503E-004   8.9004500805147022E-007
         128   3.0000000000000000      -0.81787981305803570        2.3456682477678570E-002  0.35025252776904381        8.9693654860768996E-004   2.8339825651551337E-006
         128   2.8999999999999999      -0.85924421037946430        2.2961425781249999E-002  0.44633718680048079        8.3698736769812453E-004   2.0774487443007772E-006
         128   2.7999999999999998      -0.90828159877232140        2.6149204799107144E-002  0.53901475352692008        1.0367260447570255E-003   2.9635392233820900E-006
         128   2.6999999999999997      -0.96239711216517854        2.9331752232142856E-002  0.58612976561198105        1.4022148081234524E-003   6.1039947901234520E-006
         128   2.5999999999999996       -1.0273917061941964        3.7910679408482140E-002  0.73927669389258743        2.3775230560983932E-003   1.7424715263587258E-005
         128   2.5000000000000000       -1.1059426792689733        4.9273869105747770E-002  0.86360158057243097        3.8003947537924563E-003   4.2511094009603616E-005
         128   2.3999999999999999       -1.2042741699218751        7.8340619768415179E-002   1.1417336977268002        9.6414529926010534E-003   2.7659694469083814E-004
         128   2.2999999999999998       -1.3449579642159599       0.26525791277204241        1.9729147157852434        9.6419367634292166E-002   1.8290327155453468E-002
         128   2.2900000000000000       -1.3648236781529017       0.32321000453404020        2.2941614829879335       0.13717104770668914        3.3243877754006855E-002
         128   2.2800000000000002       -1.3929664742606027       0.45754848807198661        2.5855260512252420       0.23990906394379480        7.6709266687170347E-002
         128   2.2700000000000000       -1.4178096226283483       0.55401818847656248        2.4402938045113975       0.32515887144314393       0.12152065976110026     
         128   2.2600000000000002       -1.4408316911969865       0.61450871494838166        2.3976175024978099       0.39216676942631601       0.16838106603412828     
         128   2.2500000000000000       -1.4636893572126115       0.67781962367466519        1.9477748114250624       0.46315715311786959       0.22061408780877784     
         128   2.2400000000000002       -1.4826428222656249       0.70706546456473218        1.8488655097294953       0.50274777612835164       0.25773436875280820     
         128   2.2300000000000000       -1.5003712506975446       0.73429149954659600        1.6678138399936964       0.54080554808090842       0.29572038065498901     
         128   2.2200000000000002       -1.5161369367327009       0.75242872837611607        1.5907000590088107       0.56740704849575252       0.32463052016753030     
         128   2.2100000000000000       -1.5319404907226561       0.77066250610351561        1.5079013612438381       0.59477793292009407       0.35570958644289774     
         128   2.2000000000000002       -1.5464875488281249       0.78466311645507814        1.3998973720747525       0.61633692492810743       0.38140440443337009     
         128   2.1000000000000001       -1.6619956752232143       0.86869991629464283       0.95700047804423349       0.75476230944693090       0.57003455401293845     
         128   2.0000000000000000       -1.7455150146484375       0.91126027570452006       0.72133707478496945       0.83044232789906003       0.68979035599052885     
         128   1.9000000000000001       -1.8094098772321427       0.93832266671316966       0.52965964238066476       0.88046954907476904       0.77529739292233446     
         128   1.8000000000000003       -1.8591003417968750       0.95684378487723210       0.40157755426246872       0.91556032310639113       0.83828839180273007     
         128   1.7000000000000002       -1.8977260044642856       0.96991402762276790       0.36540953697742257       0.94074130430817604       0.88502458239928838     
         128   1.6000000000000001       -1.9278346470424108       0.97947649274553572       0.28552159970729457       0.95937860405870845       0.92042419933645070     
         128   1.5000000000000000       -1.9512651715959821       0.98655351911272327       0.18544163987260415       0.97329019930745875       0.94730297148132647     
         128   1.4000000000000001       -1.9682660784040178       0.99142499651227678       0.14948970821970592       0.98292502595910003       0.96614751266874122     
         128   1.3000000000000003       -1.9804591587611606       0.99482291085379460       0.11581009255667742       0.98967356325260225       0.97945747927388427     
         128   1.2000000000000002       -1.9885698590959822       0.99701407296316968        6.9700478964781099E-002  0.99403751561684273       0.98811238721695960     
         128   1.1000000000000001       -1.9939008440290178       0.99843880789620532        3.8673116501770938E-002  0.99688024771000661       0.99377100412279895     
         128   1.0000000000000000       -1.9971636090959821       0.99928109305245538        2.3981970960448962E-002  0.99856280051171775       0.99712805625183698     
         128  0.90000000000000013       -1.9988865443638393       0.99971662248883930        1.2835544197357336E-002  0.99943336748651090       0.99886722474718415     
         128  0.80000000000000004       -1.9996015276227679       0.99989885602678574        5.1940411822215529E-003  0.99979773546968187       0.99959556457750975     
         128  0.70000000000000018       -1.9999075753348214       0.99997689383370536        1.6788862365278957E-003  0.99995379133948259       0.99990759736462809     
         128  0.60000000000000009       -1.9999877929687500       0.99999694824218754        2.6448568759304984E-004  0.99999389685690399       0.99998779520374226     
         128  0.50000000000000000       -2.0000000000000000        1.0000000000000000        0.0000000000000000        1.0000000000000000        1.0000000000000000     
         128  0.40000000000000013       -1.9999982561383929       0.99999956403459822        8.6881664174143157E-005  0.99999912812241487       0.99999825645767748     
         128  0.30000000000000004       -2.0000000000000000        1.0000000000000000        0.0000000000000000        1.0000000000000000        1.0000000000000000     
         128  0.20000000000000018       -2.0000000000000000        1.0000000000000000        0.0000000000000000        1.0000000000000000        1.0000000000000000     
