          16   5.0000000000000000      -0.42243303571428570        7.9464285714285710E-002   9.2764668367347272E-002   9.6361432756696432E-003   2.9516621891941344E-004
          16   4.9000000000000004      -0.44073660714285712        8.9397321428571430E-002  0.11375455273738000        1.1519513811383929E-002   3.1298470816441945E-004
          16   4.7999999999999998      -0.45943080357142857        8.8671874999999997E-002   9.6235937001753730E-002   1.2454223632812501E-002   4.6234037727117540E-004
          16   4.7000000000000002      -0.45920758928571431        9.0541294642857137E-002  0.11889841736264410        1.2365940638950893E-002   4.2930198833346367E-004
          16   4.5999999999999996      -0.47806919642857143        8.8950892857142860E-002  0.12491346151527702        1.2093680245535714E-002   3.9044490882328577E-004
          16   4.5000000000000000      -0.48967633928571430        9.6037946428571427E-002  0.12092998078861157        1.4205060686383929E-002   6.2363267477069586E-004
          16   4.4000000000000004      -0.49196428571428569        8.4207589285714285E-002  0.14312858407825974        1.1958966936383928E-002   4.7903244516679221E-004
          16   4.2999999999999998      -0.50853794642857142       0.10036272321428572       0.13833969651273206        1.5781729561941963E-002   6.9426110546503747E-004
          16   4.2000000000000002      -0.51668526785714286        9.7767857142857142E-002  0.16158627300835340        1.4726475306919644E-002   6.0706928904567445E-004
          16   4.0999999999999996      -0.54291294642857146       0.10011160714285715       0.14220112959669232        1.4700753348214286E-002   5.5633118110043659E-004
          16   4.0000000000000000      -0.56054687500000000       0.10385044642857143       0.18349086216517829        1.6767229352678572E-002   8.2941518298217229E-004
          16   3.8999999999999999      -0.57271205357142863       0.10937500000000000       0.18460887498490386        1.8246895926339286E-002   8.8235395295279372E-004
          16   3.7999999999999998      -0.59637276785714288       0.11556919642857143       0.21646082796865226        2.0463344029017855E-002   1.1314041380371365E-003
          16   3.7000000000000002      -0.61869419642857137       0.11238839285714286       0.18736624146554290        1.9576590401785714E-002   1.1811108993632453E-003
          16   3.5999999999999996      -0.62762276785714288       0.11941964285714286       0.21400171396683579        2.2072056361607143E-002   1.2554743460246494E-003
          16   3.5000000000000000      -0.65926339285714286       0.11922433035714286       0.26059740733027831        2.2607639857700892E-002   1.5311424886541708E-003
          16   3.3999999999999999      -0.68861607142857140       0.14054129464285714       0.28972618459148469        3.0479867117745536E-002   2.6617391700191157E-003
          16   3.2999999999999998      -0.71171874999999996       0.13671875000000000       0.27837834513971049        2.7961512974330357E-002   2.1695937695247786E-003
          16   3.2000000000000002      -0.76300223214285712       0.13911830357142857       0.27141267426159793        3.0994524274553570E-002   2.8731265770537513E-003
          16   3.0999999999999996      -0.77555803571428572       0.15867745535714287       0.36125043800038281        3.6536298479352677E-002   3.0962909305734293E-003
          16   3.0000000000000000      -0.82790178571428574       0.17279575892857144       0.43720096371881961        4.3250601632254464E-002   4.8379169111805306E-003
          16   2.8999999999999999      -0.86183035714285716       0.19137834821428570       0.44428098230968832        5.4869951520647324E-002   7.9662491301340718E-003
          16   2.7999999999999998      -0.90837053571428572       0.22229352678571429       0.52190127485943250        7.4501037597656250E-002   1.4177541740770851E-002
          16   2.6999999999999997      -0.96869419642857146       0.23794642857142856       0.67408253810783592        8.7252371651785718E-002   1.9682169492755617E-002
          16   2.5999999999999996       -1.0446986607142856       0.31093749999999998       0.77251848640714527       0.13454023088727679        3.8505165305520804E-002
          16   2.5000000000000000       -1.1380022321428571       0.36774553571428570        1.0097539540816343       0.18830653599330358        6.8700102557029047E-002
          16   2.3999999999999999       -1.2503348214285714       0.51255580357142860        1.4700315998795412       0.32168666294642856       0.15639171328927789     
          16   2.2999999999999998       -1.4045262276785715       0.66843470982142861        1.5457476273912707       0.49045347377232140       0.29426199619418808     
          16   2.2900000000000000       -1.4192315848214285       0.68188197544642859        1.5406470405462274       0.50696767098563056       0.31006143383216112     
          16   2.2800000000000002       -1.4356534598214286       0.69864508928571434        1.5132746662035923       0.52671494838169641       0.32815681507225547     
          16   2.2700000000000000       -1.4538113839285713       0.71391155133928574        1.4941508179241292       0.54613293239048544       0.34732211839926563     
          16   2.2600000000000002       -1.4653091517857142       0.72499302455357140        1.4987496568114511       0.56000503322056361       0.36146102926254803     
          16   2.2500000000000000       -1.4809123883928572       0.73783900669642855        1.4583624019746766       0.57604349844796321       0.37765704000674721     
          16   2.2400000000000002       -1.4957131696428572       0.75020535714285719        1.4277041191917856       0.59262770734514514       0.39528045944842910     
          16   2.2300000000000000       -1.5106294642857143       0.76315234374999996        1.3761856753399311       0.60961914934430805       0.41289465249223367     
          16   2.2200000000000002       -1.5218671875000001       0.77169614955357146        1.3658777592445228       0.62105038234165733       0.42551836176708874     
          16   2.2100000000000000       -1.5372929687500001       0.78393415178571424        1.3465564299433854       0.63742231968470986       0.44371186775235194     
          16   2.2000000000000002       -1.5497332589285715       0.79409542410714284        1.2847887027086036       0.65121464756556924       0.45863162504961447     
          16   2.1000000000000001       -1.6584263392857144       0.87061941964285716       0.87086814955572378       0.76354609898158488       0.59755264545923892     
          16   2.0000000000000000       -1.7395647321428571       0.91035156250000004       0.69297492825256768       0.83144335065569197       0.69933316019762837     
          16   1.9000000000000001       -1.8182477678571429       0.94095982142857137       0.47395075152635296       0.88675493512834824       0.79078079400850199     
          16   1.8000000000000003       -1.8611607142857143       0.95784040178571428       0.37811004031245088       0.91812068394252233       0.84529456529500224     
          16   1.7000000000000002       -1.8993861607142857       0.96944754464285710       0.36555918323212827       0.94038543701171873       0.88634922596226851     
          16   1.6000000000000001       -1.9319754464285714       0.98083147321428577       0.24989505689969599       0.96227046421595985       0.92687468883980595     
          16   1.5000000000000000       -1.9501116071428573       0.98638392857142854       0.20591128117909344       0.97311183384486610       0.94755286896335222     
          16   1.4000000000000001       -1.9717633928571427       0.99246651785714290       0.12317621563934661       0.98506208147321428       0.97062934051666938     
          16   1.3000000000000003       -1.9795758928571427       0.99467075892857137       0.10323141830704059       0.98941933768136159       0.97914414981912290     
          16   1.2000000000000002       -1.9882812500000000       0.99695870535714282        6.7041790674614438E-002  0.99395337785993298       0.98804858248414740     
          16   1.1000000000000001       -1.9937499999999999       0.99835379464285712        4.6340023612809401E-002  0.99672786167689731       0.99353527742038883     
          16   1.0000000000000000       -1.9967075892857142       0.99913504464285718        2.7358896683722378E-002  0.99827859061104907       0.99659081302317121     
          16  0.90000000000000013       -1.9986607142857142       0.99966517857142856        1.2660619803581434E-002  0.99933297293526790       0.99867632745632107     
          16  0.80000000000000004       -1.9998883928571429       0.99997209821428568        1.3901068237842649E-003  0.99994441441127235       0.99988969395469340     
          16  0.70000000000000018       -2.0000000000000000        1.0000000000000000        0.0000000000000000        1.0000000000000000        1.0000000000000000     
          16  0.60000000000000009       -2.0000000000000000        1.0000000000000000        0.0000000000000000        1.0000000000000000        1.0000000000000000     
          16  0.50000000000000000       -2.0000000000000000        1.0000000000000000        0.0000000000000000        1.0000000000000000        1.0000000000000000     
          16  0.40000000000000013       -2.0000000000000000        1.0000000000000000        0.0000000000000000        1.0000000000000000        1.0000000000000000     
          16  0.30000000000000004       -2.0000000000000000        1.0000000000000000        0.0000000000000000        1.0000000000000000        1.0000000000000000     
          16  0.20000000000000018       -2.0000000000000000        1.0000000000000000        0.0000000000000000        1.0000000000000000        1.0000000000000000     
          32   5.0000000000000000      -0.43154296874999998        4.3373325892857140E-002  0.10523175223214366        2.9184341430664061E-003   2.3312506319988252E-005
          32   4.9000000000000004      -0.44206194196428572        3.9829799107142856E-002  0.10567376761330349        2.7240208217075893E-003   2.5294819455926440E-005
          32   4.7999999999999998      -0.45398995535714287        4.3505859374999997E-002   9.5147684317866937E-002   3.2877104622977119E-003   4.4152178192494573E-005
          32   4.7000000000000002      -0.46201171875000002        4.2926897321428570E-002  0.11654287907019925        2.9631478445870537E-003   2.7649846534976468E-005
          32   4.5999999999999996      -0.46988002232142856        4.5012555803571427E-002  0.12871628540505345        3.0491011483328684E-003   2.4029397432708979E-005
          32   4.5000000000000000      -0.48224051339285712        4.5340401785714288E-002  0.12216544430272318        3.0974524361746651E-003   2.5334103494450184E-005
          32   4.4000000000000004      -0.49833984375000001        4.5172991071428574E-002  0.13186022185378546        3.1630924769810269E-003   2.9749160291560528E-005
          32   4.2999999999999998      -0.50927734375000000        4.7900390624999997E-002  0.13494753739956014        3.5738400050571986E-003   3.7752317699154704E-005
          32   4.2000000000000002      -0.52272600446428574        4.6505301339285716E-002  0.14865043527508667        3.4822327750069753E-003   3.6135316778589707E-005
          32   4.0999999999999996      -0.54126674107142858        4.8395647321428571E-002  0.16576031903689581        3.8202558244977681E-003   4.3727459810075482E-005
          32   4.0000000000000000      -0.55772879464285718        5.2462332589285711E-002  0.16799062300701095        4.3462889535086499E-003   5.5695109715868187E-005
          32   3.8999999999999999      -0.57220982142857146        5.2162388392857140E-002  0.18179982791933022        4.0425981794084825E-003   4.6647792831728501E-005
          32   3.7999999999999998      -0.59448939732142858        5.5810546874999999E-002  0.20821598554804763        4.7190393720354350E-003   6.0253942033991084E-005
          32   3.7000000000000002      -0.61141183035714286        5.5336216517857140E-002  0.19658783550856465        4.9226079668317525E-003   6.9334116467091787E-005
          32   3.5999999999999996      -0.63270089285714282        6.2925502232142855E-002  0.24790293721655612        6.2365804399762831E-003   1.1373421205332437E-004
          32   3.5000000000000000      -0.66001674107142860        6.3092912946428575E-002  0.24500566170345150        6.0717855181012838E-003   9.2224285253905691E-005
          32   3.3999999999999999      -0.68832310267857144        6.1941964285714288E-002  0.23603833192284240        5.9184210641043530E-003   1.1064598085275585E-004
          32   3.2999999999999998      -0.71102120535714286        6.7313058035714288E-002  0.34407524631753966        7.1330479213169646E-003   1.6216209977366297E-004
          32   3.2000000000000002      -0.74789341517857144        7.6360212053571422E-002  0.32978367318912122        9.0686661856515059E-003   2.3227898839520223E-004
          32   3.0999999999999996      -0.78169642857142863        7.9129464285714282E-002  0.35456661853086441        9.6334184919084822E-003   2.6730463391036859E-004
          32   3.0000000000000000      -0.81630859374999998        8.6969866071428578E-002  0.40099717881945351        1.0927118573869977E-002   2.7946483283553138E-004
          32   2.8999999999999999      -0.85785435267857146        9.4998604910714282E-002  0.39802058466444451        1.3909135546003069E-002   5.1163009603832118E-004
          32   2.7999999999999998      -0.90779854910714286       0.10784737723214285       0.50663803717038047        1.7856475285121371E-002   9.6122881488034696E-004
          32   2.6999999999999997      -0.96422991071428577       0.11669921875000000       0.62929500503904534        2.0996829441615513E-002   1.2690060045445403E-003
          32   2.5999999999999996       -1.0256696428571428       0.15189034598214285       0.78028063111339563        3.6349555424281532E-002   3.5644509711606326E-003
          32   2.5000000000000000       -1.1154994419642856       0.23012695312500001       0.97261348852043739        7.5882979801722941E-002   1.2977078654044558E-002
          32   2.3999999999999999       -1.2179547991071429       0.32654854910714287        1.3566991066445964       0.14807796478271484        4.2257138130974321E-002
          32   2.2999999999999998       -1.3755548270089286       0.56774811662946434        1.9046503810217295       0.36425792734963552       0.17219812884144059     
          32   2.2900000000000000       -1.3931816406249999       0.59456766183035714        1.8868504384902631       0.39258231381007602       0.19291715466309167     
          32   2.2800000000000002       -1.4122066127232142       0.62067152622767852        1.9107820273767824       0.42263709681374684       0.21736352252694269     
          32   2.2700000000000000       -1.4318869977678572       0.65141971261160714        1.8575855057537698       0.45548222827911378       0.24296515924394305     
          32   2.2600000000000002       -1.4488976004464287       0.67336104910714289        1.8266064670777808       0.48214786447797503       0.26669140312158662     
          32   2.2500000000000000       -1.4681993582589286       0.70119580078124999        1.7326605615040243       0.51410703154972626       0.29389037347289715     
          32   2.2400000000000002       -1.4857526506696428       0.72081375558035710        1.6607819825895378       0.53918803351266043       0.31799968779721943     
          32   2.2300000000000000       -1.5026572265625000       0.74208496093749998        1.5779962977742865       0.56625311333792550       0.34410387865879288     
          32   2.2200000000000002       -1.5177059151785715       0.75794029017857145        1.5048933805435269       0.58751421192714148       0.36608999097323769     
          32   2.2100000000000000       -1.5325000000000000       0.77283196149553568        1.4503049892947222       0.60779102720533096       0.38789430207697451     
          32   2.2000000000000002       -1.5464176897321429       0.78480133928571427        1.3994157043076625       0.62548889868600033       0.40829065281520888     
          32   2.1000000000000001       -1.6579659598214285       0.86646902901785716       0.90192956168450966       0.75253332683018270       0.57125543347475671     
          32   2.0000000000000000       -1.7491629464285714       0.91360909598214290       0.66374362244903296       0.83533157621111187       0.69988487389621568     
          32   1.9000000000000001       -1.8098493303571428       0.93844168526785710       0.48215323612141087       0.88098325729370119       0.77721224625072083     
          32   1.8000000000000003       -1.8584402901785715       0.95698939732142863       0.39691095984097280       0.91601243700299939       0.83974544398089557     
          32   1.7000000000000002       -1.8993303571428573       0.97058454241071423       0.38095826565899760       0.94215440750122070       0.88810424256511655     
          32   1.6000000000000001       -1.9284179687500000       0.97993164062500004       0.25014441353921052       0.96032266616821294       0.92243614804231455     
          32   1.5000000000000000       -1.9516741071428572       0.98667689732142860       0.19561933106564944       0.97357063293457036       0.94799237900006117     
          32   1.4000000000000001       -1.9684709821428572       0.99151088169642854       0.14129041284869176       0.98311632701328822       0.96660588794667479     
          32   1.3000000000000003       -1.9798409598214286       0.99465680803571432       0.10717481565476165       0.98935568673270091       0.97887800522959356     
          32   1.2000000000000002       -1.9885463169642856       0.99700753348214288        6.6875570215390506E-002  0.99403104782104490       0.98812555430117099     
          32   1.1000000000000001       -1.9938337053571429       0.99842354910714282        4.0596933504726491E-002  0.99685282026018418       0.99372842750703316     
          32   1.0000000000000000       -1.9971958705357142       0.99929547991071432        2.1245017538149114E-002  0.99859277180262973       0.99719276994214201     
          32  0.90000000000000013       -1.9986467633928571       0.99965820312499998        1.5941663124056184E-002  0.99931734630039759       0.99863843993708934     
          32  0.80000000000000004       -1.9997907366071428       0.99994419642857146        2.8073057841027089E-003  0.99988852909633097       0.99977760166044127     
          32  0.70000000000000018       -1.9999720982142857       0.99999302455357142        4.5391243289412468E-004  0.99998606273106161       0.99997217985141362     
          32  0.60000000000000009       -1.9999720982142857       0.99999302455357142        6.1782525588366985E-004  0.99998606273106161       0.99997217985141362     
          32  0.50000000000000000       -2.0000000000000000        1.0000000000000000        0.0000000000000000        1.0000000000000000        1.0000000000000000     
          32  0.40000000000000013       -2.0000000000000000        1.0000000000000000        0.0000000000000000        1.0000000000000000        1.0000000000000000     
          32  0.30000000000000004       -2.0000000000000000        1.0000000000000000        0.0000000000000000        1.0000000000000000        1.0000000000000000     
          32  0.20000000000000018       -2.0000000000000000        1.0000000000000000        0.0000000000000000        1.0000000000000000        1.0000000000000000     
          64   5.0000000000000000      -0.42961425781250001        1.9857352120535715E-002   9.2334500558031329E-002   6.1629925455365859E-004   1.0802197041113816E-006
          64   4.9000000000000004      -0.43869977678571431        2.0572335379464287E-002  0.10065988793997246        6.7212155887058807E-004   1.3952455753545630E-006
          64   4.7999999999999998      -0.45085449218750001        2.3346819196428573E-002   9.8675576467361428E-002   8.2291705267769949E-004   1.7426688742716579E-006
          64   4.7000000000000002      -0.45989118303571430        2.2518484933035713E-002  0.10578463220960173        7.9253656523568285E-004   1.9097654304443625E-006
          64   4.5999999999999996      -0.47050083705357143        2.1313476562499999E-002  0.11778350226107889        7.6506137847900393E-004   1.9322848207333922E-006
          64   4.5000000000000000      -0.48268345424107145        2.4877929687500001E-002  0.12895510272974320        9.7539765494210383E-004   3.0652171143888804E-006
          64   4.4000000000000004      -0.49891880580357145        2.1023995535714286E-002  0.12530639051364864        7.1168116160801476E-004   1.6804899412850968E-006
          64   4.2999999999999998      -0.51117466517857146        2.2326660156250001E-002  0.14882040312744718        7.9080973352704733E-004   1.8520044231909846E-006
          64   4.2000000000000002      -0.52555454799107137        2.5955636160714286E-002  0.15859342630947118        1.0550924709865025E-003   3.2011122239542340E-006
          64   4.0999999999999996      -0.54276297433035714        2.6051548549107142E-002  0.15785220971615563        1.0754951408931187E-003   3.4657247216581970E-006
          64   4.0000000000000000      -0.55699986049107142        2.7837262834821429E-002  0.16557016489457510        1.1731513908931188E-003   3.8317089756593043E-006
          64   3.8999999999999999      -0.57559291294642856        2.6578194754464286E-002  0.17104068498085409        1.1407417910439628E-003   4.0128077722150529E-006
          64   3.7999999999999998      -0.59282924107142854        2.6698521205357144E-002  0.22734263481189057        1.0690842356000628E-003   3.1335460298415846E-006
          64   3.7000000000000002      -0.61491699218749996        2.7938406808035714E-002  0.20489512780608798        1.1968791484832763E-003   4.0636945976351463E-006
          64   3.5999999999999996      -0.63715820312500004        3.0484444754464286E-002  0.22750859874474341        1.4678571905408586E-003   6.3550291378484351E-006
          64   3.5000000000000000      -0.66090611049107140        3.3156040736607141E-002  0.23577795954159747        1.6909931387220111E-003   7.8339851953046494E-006
          64   3.3999999999999999      -0.68572474888392854        3.2397460937499997E-002  0.24717664668119821        1.6336355890546525E-003   7.8852721202338220E-006
          64   3.2999999999999998      -0.71501813616071430        3.2744489397321427E-002  0.25517076127111277        1.7751753330230713E-003   1.0740620906801723E-005
          64   3.2000000000000002      -0.74487304687500000        3.5576520647321426E-002  0.30952794211249740        2.0336670534951348E-003   1.1501587035362653E-005
          64   3.0999999999999996      -0.77729492187500004        3.9038085937500001E-002  0.37015493185109105        2.3143206323896137E-003   1.4277872861206171E-005
          64   3.0000000000000000      -0.81724330357142860        3.9254324776785712E-002  0.42543447066322593        2.4213603564671106E-003   1.6828567085066685E-005
          64   2.8999999999999999      -0.85931222098214288        4.6716308593749999E-002  0.42263880368209378        3.3587736742837090E-003   3.1039373668306779E-005
          64   2.7999999999999998      -0.91092354910714290        5.7594517299107140E-002  0.57631270580611971        4.8847104821886332E-003   5.8636928711207153E-005
          64   2.6999999999999997      -0.96838378906250000        5.9690638950892855E-002  0.61192486535185686        5.6925015790121897E-003   1.1032875417669175E-004
          64   2.5999999999999996       -1.0289829799107142        7.5481305803571430E-002  0.78207358028750151        8.8424767766680044E-003   2.2895809310097905E-004
          64   2.5000000000000000       -1.1073137555803572       0.10269949776785714       0.84066867825240477        1.6078874043055944E-002   6.8999954032733513E-004
          64   2.3999999999999999       -1.2071184430803572       0.16582205636160716        1.2190047197059863        4.2650339433125087E-002   5.5872663142795074E-003
          64   2.2999999999999998       -1.3544973144531249       0.42778761509486607        2.0979263073292800       0.22253797203302383        7.4564156496423936E-002
          64   2.2900000000000000       -1.3775814732142857       0.49158898925781253        2.2698441864721630       0.27950579810994014       0.10578594364021102     
          64   2.2800000000000002       -1.3960691615513392       0.52294841657366076        2.2776151152919204       0.31092567869595117       0.12598812600938261     
          64   2.2700000000000000       -1.4230138811383928       0.60467694963727681        2.1291042259926605       0.38878573861292431       0.17434488151315561     
          64   2.2600000000000002       -1.4452628348214285       0.64771153041294638        2.0381999236757919       0.43681526061466763       0.21082616108750504     
          64   2.2500000000000000       -1.4635043945312500       0.67641394042968750        1.9593279226463902       0.47223364992652622       0.24109419074898597     
          64   2.2400000000000002       -1.4826718750000001       0.71013848005022318        1.7703151144575064       0.51322470108951845       0.27651165504251257     
          64   2.2300000000000000       -1.4996831054687501       0.73141763741629462        1.7151734048372484       0.54278968776123859       0.30649282981902204     
          64   2.2200000000000002       -1.5163947753906251       0.75278487723214282        1.5900236457002486       0.57174485872473035       0.33586816355149807     
          64   2.2100000000000000       -1.5323709542410715       0.77140009416852684        1.4778255232923931       0.59824013228927342       0.36439747744734075     
          64   2.2000000000000002       -1.5469180036272321       0.78552040318080352        1.4100611505673140       0.61966145740236556       0.38965616765684941     
          64   2.1000000000000001       -1.6658761160714286       0.87123849051339286        1.0525562265721251       0.75953249335288997       0.57830074266884079     
          64   2.0000000000000000       -1.7480782645089286       0.91251220703125002       0.64133199886418879       0.83285895160266332       0.69424844929085761     
          64   1.9000000000000001       -1.8104980468750000       0.93873639787946428       0.57774202673638086       0.88131957309586662       0.77705191778358718     
          64   1.8000000000000003       -1.8590959821428572       0.95674700055803574       0.39795844553074483       0.91541542751448490       0.83817008317517538     
          64   1.7000000000000002       -1.8990722656250001       0.97044503348214284       0.30894566006498958       0.94178825616836548       0.88705799225613069     
          64   1.6000000000000001       -1.9285888671875000       0.97979387555803577       0.26764256613560627       0.96001243846757067       0.92168683386750949     
          64   1.5000000000000000       -1.9524274553571428       0.98696463448660710       0.19116532029470867       0.97410844138690400       0.94892328023354067     
          64   1.4000000000000001       -1.9676269531249999       0.99130161830357144       0.14559963215291716       0.98268480811800274       0.96569262499118180     
          64   1.3000000000000003       -1.9800083705357143       0.99470738002232140        9.1347568982281441E-002  0.98944584386689327       0.97901522823721232     
          64   1.2000000000000002       -1.9888811383928571       0.99709647042410710        6.2452943417510023E-002  0.99420298933982854       0.98844601570834267     
          64   1.1000000000000001       -1.9941022600446427       0.99847412109375000        3.8008318161017018E-002  0.99695138505526948       0.99391530914874349     
          64   1.0000000000000000       -1.9970772879464285       0.99924839564732137        2.3214086417283397E-002  0.99849774752344400       0.99699931371036898     
          64  0.90000000000000013       -1.9988071986607143       0.99969656808035712        1.2061002062070237E-002  0.99939338820321222       0.99878778349910735     
          64  0.80000000000000004       -1.9997070312500000       0.99992501395089284        3.8539341517207495E-003  0.99985007473400656       0.99970033665556846     
          64  0.70000000000000018       -1.9998953683035714       0.99997384207589290        1.8445276695348749E-003  0.99994769862719945       0.99989545512113509     
          64  0.60000000000000009       -2.0000000000000000        1.0000000000000000        0.0000000000000000        1.0000000000000000        1.0000000000000000     
          64  0.50000000000000000       -2.0000000000000000        1.0000000000000000        0.0000000000000000        1.0000000000000000        1.0000000000000000     
          64  0.40000000000000013       -2.0000000000000000        1.0000000000000000        0.0000000000000000        1.0000000000000000        1.0000000000000000     
          64  0.30000000000000004       -2.0000000000000000        1.0000000000000000        0.0000000000000000        1.0000000000000000        1.0000000000000000     
          64  0.20000000000000018       -2.0000000000000000        1.0000000000000000        0.0000000000000000        1.0000000000000000        1.0000000000000000     
         128   5.0000000000000000      -0.42862025669642856        1.0733468191964286E-002   9.8292602040819479E-002   1.7647509063993181E-004   8.4584317023533073E-008
         128   4.9000000000000004      -0.43808157784598212        1.0443987165178572E-002   9.9232350916950512E-002   1.7056433217866080E-004   8.6633318206543102E-008
         128   4.7999999999999998      -0.44966343470982145        1.1122785295758929E-002  0.10821858230901032        1.8701058413301197E-004   9.0272227140245474E-008
         128   4.7000000000000002      -0.46002371651785712        1.1040823800223214E-002  0.11557160352825273        1.9049479493073054E-004   1.0701094377999329E-007
         128   4.5999999999999996      -0.47193777901785716        1.1930629185267856E-002  0.11589082610684419        2.2455539022173200E-004   1.4320176558208735E-007
         128   4.5000000000000000      -0.48307407924107143        1.0690743582589285E-002  0.12059492315446407        1.8072085721152170E-004   1.0134415788470059E-007
         128   4.4000000000000004      -0.49558977399553572        1.1788940429687500E-002  0.12317478992540523        2.1805513117994580E-004   1.5984217159156370E-007
         128   4.2999999999999998      -0.50941162109375004        1.2360055106026786E-002  0.13482743824479426        2.3958879922117505E-004   1.6476306562667505E-007
         128   4.2000000000000002      -0.52507062639508928        1.2203107561383928E-002  0.14684421310344520        2.2680349647998809E-004   1.4254156311082384E-007
         128   4.0999999999999996      -0.54155099051339284        1.2310355050223215E-002  0.15038157594850016        2.4517002914633071E-004   2.1159599849654827E-007
         128   4.0000000000000000      -0.55700073242187498        1.2056623186383928E-002  0.16136122022362542        2.3608244955539704E-004   2.1423949531799000E-007
         128   3.8999999999999999      -0.57549787248883932        1.2873186383928571E-002  0.17786722672417246        2.5906073195593697E-004   2.3393061000996441E-007
         128   3.7999999999999998      -0.59430454799107146        1.3784354073660715E-002  0.18785190533752968        2.9859904732022969E-004   2.7059837695654821E-007
         128   3.7000000000000002      -0.61368495396205358        1.4508492606026786E-002  0.21683534349883624        3.2193527690001895E-004   2.7588501772535248E-007
         128   3.5999999999999996      -0.63583025251116077        1.3640049525669643E-002  0.23792692527078468        2.9394504215036121E-004   2.5148276155565317E-007
         128   3.5000000000000000      -0.66002720424107142        1.5032523018973214E-002  0.27593549888063407        3.5291021423680441E-004   3.7310581816250656E-007
         128   3.3999999999999999      -0.68550153459821428        1.5563528878348214E-002  0.27289151529182631        3.7915871611663273E-004   4.0269020815584890E-007
         128   3.2999999999999998      -0.71459524972098210        1.8167986188616071E-002  0.30022696485797634        5.1352887281349722E-004   7.9475291929674369E-007
         128   3.2000000000000002      -0.74532121930803574        1.7684064592633927E-002  0.33084339511617594        5.0007663667201992E-004   7.5668886321346642E-007
         128   3.0999999999999996      -0.77932477678571432        1.8636213030133929E-002  0.30099100075121343        5.4040130759988516E-004   9.8220138995487798E-007
         128   3.0000000000000000      -0.81825125558035716        2.0581054687499999E-002  0.42403470893562673        6.6020967704909185E-004   1.2013062387501121E-006
         128   2.8999999999999999      -0.85933576311383930        2.4032156808035714E-002  0.41449735308647290        9.1462209820747375E-004   2.3856821355987862E-006
         128   2.7999999999999998      -0.90810808454241077        2.7595302036830357E-002  0.48961698030812589        1.1351005839450019E-003   3.1809795310565129E-006
         128   2.6999999999999997      -0.96392647879464288        3.0946568080357142E-002  0.64396933220299646        1.4751068183353970E-003   6.4985399013117728E-006
         128   2.5999999999999996       -1.0297127859933035        3.7952968052455356E-002  0.78535085898553170        2.2872056812047958E-003   1.7056885207177613E-005
         128   2.5000000000000000       -1.1067243303571428        4.8084368024553570E-002  0.94002917729667390        3.7750706076622011E-003   4.8084736906872649E-005
         128   2.3999999999999999       -1.2033560616629464        8.2705688476562497E-002   1.0930126108014016        1.0057287397129196E-002   2.4723138508407193E-004
         128   2.2999999999999998       -1.3453384312220982       0.27459815761021206        1.9791463353633560       0.10152525745917644        1.9450527453747483E-002
         128   2.2900000000000000       -1.3671593279157366       0.34942754690987721        2.2769977016001381       0.15409424788558057        3.8505820334628640E-002
         128   2.2800000000000002       -1.3901082589285714       0.43266913277762276        2.5351098913452628       0.22029698156405772        6.7756890578468981E-002
         128   2.2700000000000000       -1.4167623203822544       0.54304170009068076        2.5352552462315847       0.31615184657967516       0.11727422738691801     
         128   2.2600000000000002       -1.4415764421735491       0.62375849696568075        2.2590803919036042       0.39901505201788884       0.17079102327090423     
         128   2.2500000000000000       -1.4635418003627232       0.67330365426199779        2.0048103030127140       0.45883980242748346       0.21839569372660023     
         128   2.2400000000000002       -1.4819870779854911       0.70420089721679691        1.8894563139413694       0.49984644151425789       0.25570580083895877     
         128   2.2300000000000000       -1.5006445748465402       0.73535478428431922        1.6330484145323747       0.54216644356346555       0.29685921713887553     
         128   2.2200000000000002       -1.5166207885742187       0.75329161289760049        1.5729298334258357       0.56862583634097663       0.32587076290093975     
         128   2.2100000000000000       -1.5319431065150670       0.77037254987444193        1.4916248947042301       0.59432252879760095       0.35515352817597307     
         128   2.2000000000000002       -1.5463133283342634       0.78477299281529023        1.4094767405600757       0.61650457776763612       0.38159926450651871     
         128   2.1000000000000001       -1.6622358049665178       0.86912885393415173        1.0511269464143398       0.75551917749856201       0.57121220823842422     
         128   2.0000000000000000       -1.7463971819196429       0.91158534458705354       0.83383744220191147       0.83104710823723249       0.69083552845297735     
         128   1.9000000000000001       -1.8092729840959823       0.93835449218750000       0.41485521863167907       0.88052608423999379       0.77538578713007278     
         128   1.8000000000000003       -1.8601100376674107       0.95722569056919637       0.42981125804578391       0.91629301341516634       0.83963679665854374     
         128   1.7000000000000002       -1.8975969587053572       0.96986171177455360       0.30521450308070974       0.94063842764922556       0.88482578254060829     
         128   1.6000000000000001       -1.9286429268973215       0.97974591936383926       0.25521179121028575       0.95990636838333943       0.92143674827684952     
         128   1.5000000000000000       -1.9510035923549107       0.98651733398437502       0.22132621505685771       0.97321922172393116       0.94716643789531074     
         128   1.4000000000000001       -1.9675659179687499       0.99124450683593746       0.15370841068275060       0.98256723534848012       0.96544451498893957     
         128   1.3000000000000003       -1.9804670061383929       0.99483206612723218       0.11220147093835822       0.98969171919992993       0.97949317963186588     
         128   1.2000000000000002       -1.9885236467633929       0.99700709751674110        7.3251841018241545E-002  0.99402361411069118       0.98808478061748861     
         128   1.1000000000000001       -1.9941397530691964       0.99849461146763396        4.3342877288824251E-002  0.99699170679918359       0.99399333138721424     
         128   1.0000000000000000       -1.9970868791852678       0.99925406319754462        2.6889337030297611E-002  0.99850879593619279       0.99702026726544979     
         128  0.90000000000000013       -1.9988935198102677       0.99971923828124998        1.1159468677188094E-002  0.99943859162075177       0.99887764324748052     
         128  0.80000000000000004       -1.9996800013950893       0.99991891043526782        4.1087987483479074E-003  0.99983783821974481       0.99967574581668261     
         128  0.70000000000000018       -1.9999189104352679       0.99997950962611604        1.2392856623758841E-003  0.99995902207280907       0.99991805542623691     
         128  0.60000000000000009       -1.9999816894531250       0.99999520438058032        4.2070660128956650E-004  0.99999040945300033       0.99998082167291746     
         128  0.50000000000000000       -2.0000000000000000        1.0000000000000000        0.0000000000000000        1.0000000000000000        1.0000000000000000     
         128  0.40000000000000013       -2.0000000000000000        1.0000000000000000        0.0000000000000000        1.0000000000000000        1.0000000000000000     
         128  0.30000000000000004       -2.0000000000000000        1.0000000000000000        0.0000000000000000        1.0000000000000000        1.0000000000000000     
         128  0.20000000000000018       -2.0000000000000000        1.0000000000000000        0.0000000000000000        1.0000000000000000        1.0000000000000000     
