          16   5.0000000000000000      -0.43450892857142859        8.3948102678571432E-002  0.10266374489795908        1.1053924560546874E-002   3.7384637897568091E-004
          16   4.9000000000000004      -0.44411830357142856        8.6925223214285710E-002  0.10241235449302588        1.1835457938058036E-002   4.1608567482658796E-004
          16   4.8000000000000007      -0.45736607142857144        8.9042968750000007E-002  0.10987075494260180        1.2354801722935268E-002   4.4950891153088635E-004
          16   4.7000000000000011      -0.46785156249999998        8.8543526785714283E-002  0.11340957295237004        1.2501002720424106E-002   5.0217598410589356E-004
          16   4.6000000000000014      -0.48011160714285717        9.1849888392857140E-002  0.11994659855908316        1.3082122802734375E-002   4.9428729739572322E-004
          16   4.5000000000000018      -0.49277343750000002        9.6459263392857139E-002  0.12846788194444381        1.4367697579520089E-002   6.1985476341630736E-004
          16   4.4000000000000021      -0.50566406249999996        9.6509486607142855E-002  0.13796056682131802        1.4536459786551340E-002   6.1630832696599614E-004
          16   4.3000000000000025      -0.52033482142857146        9.9073660714285708E-002  0.14608233490800274        1.5469055175781250E-002   7.0017797340239793E-004
          16   4.2000000000000028      -0.53257254464285719       0.10233258928571429       0.14853232765788985        1.6271754673549108E-002   7.6892785461885591E-004
          16   4.1000000000000032      -0.54823660714285716       0.10331194196428571       0.16633479373307852        1.6844940185546876E-002   8.4908122063747477E-004
          16   4.0000000000000036      -0.56852678571428572       0.10437500000000000       0.17546516262755110        1.7030465262276785E-002   8.4062822695289338E-004
          16   3.9000000000000035      -0.58657924107142856       0.11006696428571429       0.18333403303999113        1.8768354143415180E-002   1.0025998657303197E-003
          16   3.8000000000000034      -0.60928013392857139       0.11457868303571428       0.20129924438828536        2.0735321044921876E-002   1.2652958251003709E-003
          16   3.7000000000000033      -0.62685825892857139       0.12255580357142858       0.21432060156284974        2.3441380092075893E-002   1.5984205502484526E-003
          16   3.6000000000000032      -0.64881138392857141       0.12455078125000001       0.23001818229461948        2.3865116664341518E-002   1.6251502944422619E-003
          16   3.5000000000000031      -0.67656249999999996       0.12874441964285716       0.26074344023323737        2.5913347516741070E-002   1.9335376950246946E-003
          16   3.4000000000000030      -0.70250558035714283       0.14011997767857143       0.27285165835635750        3.0216435023716518E-002   2.5231320424271481E-003
          16   3.3000000000000029      -0.73259486607142854       0.15115234375000000       0.30055558996153603        3.5453077043805806E-002   3.4345908635961156E-003
          16   3.2000000000000028      -0.77016741071428574       0.16073381696428571       0.32350236853774472        3.9323185511997767E-002   4.1435236949473623E-003
          16   3.1000000000000028      -0.80714843749999998       0.18079520089285714       0.40213538376133601        4.9587816510881698E-002   6.5808058037821740E-003
          16   3.0000000000000027      -0.84569754464285718       0.19105747767857142       0.42551463205073270        5.4898005894252234E-002   7.7351405538086384E-003
          16   2.9000000000000026      -0.89344866071428575       0.21630301339285715       0.50882388783396537        7.0428968157087060E-002   1.2682286765692490E-002
          16   2.8000000000000025      -0.95027343750000004       0.25825613839285716       0.59179614186634100        9.6306348528180805E-002   2.1082159149061357E-002
          16   2.7000000000000024       -1.0214397321428572       0.31629743303571428       0.72434176937234485       0.13728282383510046        3.7919983801298907E-002
          16   2.6000000000000023       -1.0994252232142858       0.38885323660714288       0.93947990764814637       0.19748480660574777        6.9379306386357975E-002
          16   2.4565000000000001       -1.2512178571428572       0.53857170758928574        1.1995907476034833       0.33832241646902900       0.16007328706436924     
          16   2.4515000000000002       -1.2571933035714287       0.54454015066964290        1.2109975882790132       0.34454252646309991       0.16471268460962124     
          16   2.4465000000000003       -1.2628348214285714       0.54986275111607141        1.2255391650842669       0.35020327170235771       0.16905939790192726     
          16   2.4415000000000004       -1.2692636718750001       0.55655435267857145        1.2375765937785983       0.35721475481305803       0.17433490441569260     
          16   2.4365000000000006       -1.2755104910714286       0.56251403459821425        1.2425648378374852       0.36368252323695593       0.17940224807928981     
          16   2.4315000000000007       -1.2815866629464285       0.56822248883928572        1.2448474519206989       0.36976705060686382       0.18406105827907365     
          16   2.4265000000000008       -1.2866241629464286       0.57328574218749995        1.2519984469910146       0.37505939701625279       0.18808506210330608     
          16   2.4215000000000009       -1.2928118861607143       0.57941665736607140        1.2636160441082911       0.38170928497314455       0.19337659238878904     
          16   2.4165000000000010       -1.2985758370535714       0.58470228794642853        1.2700506840994148       0.38758319789341517       0.19808403884507716     
          16   2.4115000000000011       -1.3054939174107143       0.59127505580357143        1.2804059051017302       0.39488733084542410       0.20403316891145493     
          16   2.4065000000000012       -1.3113527343750000       0.59711434151785714        1.2781764297165743       0.40122882734026227       0.20906266182913844     
          16   2.4015000000000013       -1.3174334263392857       0.60277695312500001        1.2866473822544762       0.40760729457310269       0.21444166769789799     
          16   2.3965000000000014       -1.3234157924107144       0.60828685825892859        1.2911358448917376       0.41387920161655972       0.21971976767292778     
          16   2.3915000000000015       -1.3302296874999999       0.61510851004464284        1.3018568979802128       0.42151518358503071       0.22605643763796293     
          16   2.3865000000000016       -1.3363888950892857       0.62079821428571424        1.3115835575519377       0.42810678013392856       0.23177148461570699     
          16   2.3815000000000017       -1.3424321428571429       0.62593549107142854        1.3075762057885580       0.43406285443987164       0.23691114512445138     
          16   2.3765000000000018       -1.3490861607142857       0.63248903459821426        1.3187519265306182       0.44149927825927732       0.24324220206392930     
          16   2.3715000000000019       -1.3553002790178572       0.63854715401785711        1.3135361707893116       0.44843726545061385       0.24912707384750246     
          16   2.3665000000000020       -1.3614580915178571       0.64400323660714287        1.3246418215404161       0.45499118434361047       0.25512691207812832     
          16   2.3615000000000022       -1.3682973214285714       0.65012137276785720        1.3293844692627566       0.46243219604492186       0.26191721701483639     
          16   2.3565000000000023       -1.3743298549107144       0.65595357142857147        1.3242895828577499       0.46904305812290736       0.26769159595181369     
          16   2.3515000000000024       -1.3807840401785714       0.66100530133928570        1.3279410494131592       0.47547391488211493       0.27379153665860317     
          16   2.3465000000000025       -1.3872294084821428       0.66742862723214291        1.3268209600031002       0.48288900974818638       0.28033359594001833     
          16   2.3415000000000026       -1.3937087611607142       0.67277315848214281        1.3322317362423775       0.48959792131696428       0.28679213733614556     
          16   2.3365000000000027       -1.4004824776785714       0.67910599888392853        1.3313706460882744       0.49725199519566127       0.29390030690635155     
          16   2.3315000000000028       -1.4062030691964287       0.68408780691964288        1.3361689870723603       0.50342104165213453       0.29981625468375694     
          16   2.3265000000000029       -1.4125812499999999       0.68973052455357142        1.3318302352361440       0.51022375095912387       0.30619245747734924     
          16   2.3215000000000030       -1.4189849888392858       0.69537310267857144        1.3302099058646053       0.51733464181082589       0.31306318696497809     
          16   2.3165000000000031       -1.4256029575892857       0.70093295200892858        1.3315093438697112       0.52445888083321712       0.32013417712999509     
          16   2.3115000000000032       -1.4320171875000001       0.70671238839285710        1.3247366370238385       0.53162329973493305       0.32697540767591982     
          16   2.3065000000000033       -1.4381431919642857       0.71126202566964281        1.3219984210473363       0.53762391771589002       0.33317796090254559     
          16   2.3015000000000034       -1.4446324218750000       0.71706922433035714        1.3249575983987216       0.54497498801095146       0.34049556193549985     
          16   2.2965000000000035       -1.4508000000000001       0.72198565848214291        1.3234394751258718       0.55159109584263388       0.34738495334589053     
          16   2.2915000000000036       -1.4570713169642857       0.72740538504464280        1.3165625269462300       0.55838766762869696       0.35413292765400506     
          16   2.2865000000000038       -1.4641305803571429       0.73312500000000003        1.3057590625591762       0.56578857945033478       0.36179471665429219     
          16   2.2815000000000039       -1.4700639508928572       0.73814707031250004        1.3004322173266096       0.57231839098249160       0.36848570810185211     
          16   2.2765000000000040       -1.4761678571428571       0.74285086495535713        1.2982646400255675       0.57866696973528176       0.37535074988482520     
          16   2.2715000000000041       -1.4826310267857143       0.74821330915178574        1.2921265718675770       0.58576249891008647       0.38276739443390229     
          16   2.2665000000000042       -1.4888994977678571       0.75301874999999996        1.2791893031873567       0.59221798924037383       0.38968269876936185     
          16   2.2615000000000043       -1.4945408482142857       0.75736852678571431        1.2790676991595786       0.59814234008789058       0.39619172307822320     
          16   2.2565000000000044       -1.5013598214285715       0.76282449776785710        1.2690806327194721       0.60539965297154019       0.40402217739048812     
          16   2.2515000000000045       -1.5072928571428572       0.76740594308035714        1.2591423788269158       0.61164860643659325       0.41078289078792024     
          16   2.2465000000000046       -1.5134147321428570       0.77242360491071427        1.2500852104611917       0.61838915056501120       0.41816853003640259     
          16   2.2415000000000047       -1.5191987723214286       0.77635167410714290        1.2385834647306715       0.62393908037458146       0.42447581158761999     
          16   2.2365000000000048       -1.5249397321428571       0.78085711495535715        1.2298132134285722       0.63020099857875278       0.43150098887779087     
          16   2.2315000000000049       -1.5305809709821430       0.78495407366071424        1.2227620885628465       0.63599658246721535       0.43819366158132572     
          16   2.2265000000000050       -1.5372843191964285       0.78969347098214282        1.2085086760321104       0.64278892124720988       0.44612091061744308     
          16   2.2215000000000051       -1.5438348772321429       0.79450477120535712        1.1976017310093536       0.64959775979178291       0.45399199523945738     
          16   2.2165000000000052       -1.5486404575892858       0.79769051339285713        1.1912114593984426       0.65419886692592077       0.45948792672596339     
          16   2.2115000000000054       -1.5550039062500001       0.80245658482142856        1.1800089553535758       0.66081992449079241       0.46711974100433290     
          16   2.2065000000000055       -1.5608595982142857       0.80665733816964291        1.1657507138789602       0.66704844338553293       0.47465231057781992     
          16   2.2015000000000056       -1.5661607142857144       0.81019662388392855        1.1575944250217514       0.67213969355991909       0.48079329905003043     
          16   2.1965000000000057       -1.5720018973214285       0.81417530691964290        1.1453766834111867       0.67797227281842909       0.48787570057672314     
          16   2.1915000000000058       -1.5775154575892858       0.81788613281250000        1.1311688474005046       0.68337362038748606       0.49442771008816949     
          16   2.1865000000000059       -1.5834880022321429       0.82203984375000005        1.1163541558062884       0.68949698442731588       0.50189198377603395     
          16   2.1815000000000060       -1.5880093191964286       0.82477413504464281        1.1117822215000539       0.69383558197021489       0.50759918714193630     
          16   2.1765000000000061       -1.5937166852678570       0.82850700334821425        1.0968671578587108       0.69935510886056085       0.51441724157483715     
          16   2.1715000000000062       -1.5993868861607143       0.83227784598214283        1.0799678508437613       0.70489549734933032       0.52127287094039576     
          16   2.1665000000000063       -1.6042453125000000       0.83526727120535715        1.0685133245375791       0.70945412793840679       0.52715755688629251     
          16   2.1615000000000064       -1.6095854910714287       0.83874243861607145        1.0629883527159696       0.71480513109479626       0.53406125619324984     
          16   2.1565000000000065       -1.6145853794642857       0.84184492187500004        1.0422123689299820       0.71946543012346542       0.53997595030327461     
          16   2.1515000000000066       -1.6197308035714286       0.84494793526785716        1.0365461563804406       0.72433508213588171       0.54649789994646392     
          16   2.1465000000000067       -1.6255632254464285       0.84868152901785709        1.0193779348787368       0.73011456516810824       0.55403465192815560     
          16   2.1415000000000068       -1.6300912388392856       0.85134040178571424        1.0110606557925557       0.73416169956752231       0.55940351869032856     
          16   2.1000000000000001       -1.6695728236607144       0.87398490513392857       0.91055163375484260       0.77031338915143699       0.60895585879272385     
          16   2.0000000000000000       -1.7490269531250000       0.91317036830357146       0.70858253966656548       0.83674299665178575       0.70848067919872704     
          16   1.8999999999999999       -1.8109765625000001       0.93935546874999998       0.54737820600018106       0.88377073015485486       0.78558834578708880     
          16   1.7999999999999998       -1.8604520089285714       0.95688337053571426       0.44077723204444058       0.91643465314592631       0.84269912063942420     
          16   1.6999999999999997       -1.8989341517857143       0.97011439732142857       0.36096739890807972       0.94161078316824776       0.88840931430858161     
          16   1.5999999999999996       -1.9296819196428572       0.98005301339285711       0.27348981273416240       0.96077904837472095       0.92412934559663495     
          16   1.4999999999999996       -1.9563392857142856       0.98791573660714282       0.20162210884356896       0.97614050728934154       0.95347299654701989     
          16   1.3999999999999995       -1.9727734374999999       0.99265625000000002       0.14109582839839233       0.98545401436941960       0.97145981827484706     
          16   1.2999999999999994       -1.9879854910714285       0.99677176339285711        7.3984266506164201E-002  0.99359289986746657       0.98737933731105709     
          16   1.1999999999999993       -1.9959933035714286       0.99895647321428571        2.7868990043976489E-002  0.99792528424944194       0.99589918212432949     
          16   1.0999999999999992       -1.9988169642857143       0.99969587053571429        9.0752023950225972E-003  0.99939477103097096       0.99880152272725742     
          16  0.99999999999999922       -1.9997433035714285       0.99993582589285712        2.3938456633914068E-003  0.99987224033900668       0.99974681111717867     
          16  0.89999999999999925       -1.9999665178571429       0.99999162946428577        3.3033352225668997E-004  0.99998332432338166       0.99996690818640799     
          16  0.79999999999999927       -2.0000000000000000        1.0000000000000000        0.0000000000000000        1.0000000000000000        1.0000000000000000     
          16  0.69999999999999929       -2.0000000000000000        1.0000000000000000        0.0000000000000000        1.0000000000000000        1.0000000000000000     
          16  0.59999999999999931       -2.0000000000000000        1.0000000000000000        0.0000000000000000        1.0000000000000000        1.0000000000000000     
          16  0.49999999999999933       -2.0000000000000000        1.0000000000000000        0.0000000000000000        1.0000000000000000        1.0000000000000000     
          16  0.39999999999999936       -2.0000000000000000        1.0000000000000000        0.0000000000000000        1.0000000000000000        1.0000000000000000     
          16  0.29999999999999938       -2.0000000000000000        1.0000000000000000        0.0000000000000000        1.0000000000000000        1.0000000000000000     
          16  0.19999999999999937       -2.0000000000000000        1.0000000000000000        0.0000000000000000        1.0000000000000000        1.0000000000000000     
          32   5.0000000000000000      -0.42942103794642855        4.2383510044642858E-002   9.2542404257015959E-002   2.8186675480433871E-003   2.3769588936245003E-005
          32   4.9000000000000004      -0.43968750000000001        4.3616071428571428E-002  0.10146533066579427        2.9669761657714843E-003   2.6139287022358207E-005
          32   4.8000000000000007      -0.44967494419642856        4.3793945312499999E-002  0.10677151418326934        2.9807049887520926E-003   2.5758887926973070E-005
          32   4.7000000000000011      -0.46040876116071427        4.3503069196428573E-002  0.12000109627691394        2.9828698294503348E-003   2.7466899108341230E-005
          32   4.6000000000000014      -0.47285993303571427        4.5213448660714285E-002  0.11822086482425025        3.2672963823590960E-003   3.2956736322375943E-005
          32   4.5000000000000018      -0.48612723214285714        4.5818917410714283E-002  0.13277739040060532        3.3170972551618302E-003   3.4291115610228321E-005
          32   4.4000000000000021      -0.50030552455357147        4.7357003348214285E-002  0.13663800519279110        3.4753840310232978E-003   3.3902487916098578E-005
          32   4.3000000000000025      -0.51300781250000005        4.8349609374999998E-002  0.14239329415513902        3.6483383178710937E-003   3.9663302616515596E-005
          32   4.2000000000000028      -0.52569196428571430        4.9268275669642855E-002  0.15092061250520569        3.8166877201625277E-003   4.3353609388369867E-005
          32   4.1000000000000032      -0.54373883928571431        5.0341099330357145E-002  0.16054138996467043        4.0179783957345148E-003   4.8802046912896912E-005
          32   4.0000000000000036      -0.55897042410714282        5.0747767857142856E-002  0.16789479781170483        4.0206881931849885E-003   4.7732893425355930E-005
          32   3.9000000000000035      -0.57942243303571428        5.4600306919642856E-002  0.19530410089948147        4.7363512856619695E-003   6.8094591037411845E-005
          32   3.8000000000000034      -0.59887137276785718        5.5969587053571426E-002  0.19532411548468159        4.8458290100097659E-003   6.7396428546219659E-005
          32   3.7000000000000033      -0.61712332589285712        5.8018973214285716E-002  0.22272727595649344        5.2213478088378902E-003   7.7973020202729714E-005
          32   3.6000000000000032      -0.63830496651785718        6.0617327008928572E-002  0.22486742207552524        5.6580148424421042E-003   9.2525102648193886E-005
          32   3.5000000000000031      -0.66238141741071432        6.2022879464285717E-002  0.25847868970611032        5.9833935328892302E-003   1.0166023272696683E-004
          32   3.4000000000000030      -0.68810546875000000        6.5493164062499998E-002  0.27400554270421429        6.6394465310232976E-003   1.3108056884188305E-004
          32   3.3000000000000029      -0.71821010044642852        7.1226283482142855E-002  0.29090187132661860        7.9215676443917405E-003   1.8046879037033901E-004
          32   3.2000000000000028      -0.75029436383928572        7.2346540178571422E-002  0.33449069412387838        8.1946155003138951E-003   2.0357987767576039E-004
          32   3.1000000000000028      -0.78341378348214286        7.8936941964285717E-002  0.37794049213158420        9.9214472089494982E-003   2.9856936840847733E-004
          32   3.0000000000000027      -0.82268275669642854        8.7891322544642853E-002  0.40338050041632090        1.1988712038312640E-002   4.1362404152355990E-004
          32   2.9000000000000026      -0.86792271205357141        9.6621093749999998E-002  0.44243659962592058        1.4552211761474610E-002   6.0291189256531650E-004
          32   2.8000000000000025      -0.91977120535714285       0.11290666852678571       0.53680746222277154        1.9477848325456893E-002   1.0650093122915548E-003
          32   2.7000000000000024      -0.97661690848214289       0.13672502790178570       0.63055468044663554        2.8613200868879047E-002   2.1812075695873188E-003
          32   2.6000000000000023       -1.0465318080357142       0.17521275111607143       0.77640135244650554        4.6450286592755997E-002   5.6500594749221431E-003
          32   2.5000000000000022       -1.1328920200892858       0.25272739955357143        1.0166212853953747        9.1074948992047988E-002   1.8199486412839697E-002
          32   2.3627500000000001       -1.3063149553571429       0.49371498325892860        1.5400190856973199       0.28242797412872317       0.11027005051803665     
          32   2.3577500000000002       -1.3143229910714285       0.50642864815848210        1.5566550093493903       0.29433106309345791       0.11755845017100452     
          32   2.3527500000000003       -1.3217140206473215       0.51732615094866075        1.5612004673276267       0.30494243816648209       0.12425908574167713     
          32   2.3477500000000004       -1.3291109654017856       0.52790574079241070        1.5782132947832768       0.31546433755329678       0.13123073127568832     
          32   2.3427500000000006       -1.3369200753348214       0.53959435686383928        1.5886572045512746       0.32692462927954535       0.13876272809843029     
          32   2.3377500000000007       -1.3447782924107143       0.55135351562500001        1.5989451350559158       0.33908751430511475       0.14707259915941695     
          32   2.3327500000000008       -1.3526921735491071       0.56240379464285717        1.6131913161173173       0.35050948573521207       0.15513558757617990     
          32   2.3277500000000009       -1.3606071847098213       0.57390185546875006        1.6125979867906295       0.36248157825469973       0.16358131744840826     
          32   2.3227500000000010       -1.3683634486607144       0.58428233816964281        1.6205764923502466       0.37371539205823628       0.17190386964895535     
          32   2.3177500000000011       -1.3763371930803572       0.59598773716517861        1.6218085163910523       0.38623285903930665       0.18110989014014733     
          32   2.3127500000000012       -1.3845788643973214       0.60754206891741069        1.6335098800346788       0.39894052318845474       0.19090576397351849     
          32   2.3077500000000013       -1.3927589285714286       0.61824026925223219        1.6289461027170375       0.41089920704705374       0.20029206373156574     
          32   2.3027500000000014       -1.3998300781249999       0.62767503487723220        1.6287047624260433       0.42168169254575455       0.20892800850431101     
          32   2.2977500000000015       -1.4081033203125000       0.63831926618303569        1.6329004818383797       0.43393598327636718       0.21890817317836980     
          32   2.2927500000000016       -1.4162345703125001       0.64863065011160714        1.6239261130503280       0.44603504431588309       0.22902506415015961     
          32   2.2877500000000017       -1.4239478794642857       0.65862667410714282        1.6221972083396583       0.45788028370993478       0.23909109455374658     
          32   2.2827500000000018       -1.4318549525669644       0.66842957589285712        1.6043983910900210       0.46962293919154574       0.24924097797515465     
          32   2.2777500000000019       -1.4397493443080358       0.67822059849330352        1.5987688775310629       0.48161512131009782       0.25994993244322173     
          32   2.2727500000000020       -1.4475408203125000       0.68725824497767862        1.5932087380498001       0.49280887274060931       0.27007898648805517     
          32   2.2677500000000022       -1.4551343470982143       0.69587112165178566        1.5793047803997682       0.50375139081137521       0.28028882584646958     
          32   2.2627500000000023       -1.4631332449776786       0.70538118024553575        1.5605292773557276       0.51575670757293701       0.29152267315173969     
          32   2.2577500000000024       -1.4706681222098215       0.71357606724330358        1.5539325978010075       0.52633672020775935       0.30172820647002324     
          32   2.2527500000000025       -1.4783849190848215       0.72182195870535715        1.5345791475818769       0.53706930462973457       0.31219824972054494     
          32   2.2477500000000026       -1.4857110770089286       0.72996630859375000        1.5221667668302974       0.54788017264774869       0.32302751382233497     
          32   2.2427500000000027       -1.4933649693080358       0.73791173270089283        1.4920571951695427       0.55847586975097652       0.33371550847323522     
          32   2.2377500000000028       -1.5006568777901785       0.74536307896205356        1.4760254956872596       0.56860330354145594       0.34417925788208487     
          32   2.2327500000000029       -1.5076881835937499       0.75229091099330359        1.4650283559489108       0.57812458009719847       0.35428087407528736     
          32   2.2277500000000030       -1.5148960797991071       0.75899905133928569        1.4298683536053223       0.58753497224535256       0.36438666300339112     
          32   2.2227500000000031       -1.5217719866071429       0.76591093052455361        1.4180114650079527       0.59716709675107682       0.37479034343321294     
          32   2.2177500000000032       -1.5291905831473214       0.77290269252232147        1.3948827700075743       0.60696250400543217       0.38555048600158842     
          32   2.2127500000000033       -1.5357626395089286       0.77854722377232144        1.3726489787385252       0.61515337107522150       0.39483716414075137     
          32   2.2077500000000034       -1.5425033482142858       0.78458369140624995        1.3472929534876481       0.62389763205392024       0.40477435867316297     
          32   2.2000000000000002       -1.5525798130580357       0.79324713309151784        1.3199550300199434       0.63668780764171051       0.41977314924043818     
          32   2.1000000000000001       -1.6640300223214286       0.87015814034598216       0.94938523248122453       0.75904951718194147       0.58136083974353181     
          32   2.0000000000000000       -1.7462843889508928       0.91171830357142858       0.71869330495542272       0.83197089849199568       0.69455450250322093     
          32   1.8999999999999999       -1.8087792968750001       0.93802455357142855       0.54807250831633769       0.88025304249354774       0.77609943873035914     
          32   1.7999999999999998       -1.8608133370535713       0.95755998883928573       0.41815367868074665       0.91710929053170342       0.84177300333643090     
          32   1.6999999999999997       -1.8992857142857142       0.97049176897321432       0.33021807252316970       0.94196577753339494       0.88771611852198740     
          32   1.5999999999999996       -1.9282226562500000       0.97958286830357144       0.25998415265764419       0.95964989253452848       0.92118486134803135     
          32   1.4999999999999996       -1.9507114955357143       0.98633370535714282       0.19800869827102169       0.97289400918143132       0.94667702758876004     
          32   1.3999999999999995       -1.9682449776785715       0.99142089843750003       0.14061132975159918       0.98293789046151292       0.96625498489718409     
          32   1.2999999999999994       -1.9804115513392857       0.99480538504464289       0.10010434159337926       0.98965049879891531       0.97945840745861334     
          32   1.1999999999999993       -1.9895354352678571       0.99726213727678570        6.9004048803675666E-002  0.99453886985778805       0.98913572311884179     
          32   1.0999999999999992       -1.9959249441964286       0.99894949776785713        3.2291225793903547E-002  0.99790275573730469       0.99582048258257727     
          32  0.99999999999999922       -1.9990318080357143       0.99975306919642859        9.0959103949899284E-003  0.99950678689139227       0.99901615992872395     
          32  0.89999999999999925       -1.9998200334821428       0.99995396205357145        1.9087355723721368E-003  0.99990802764892583       0.99981646844389616     
          32  0.79999999999999927       -1.9999776785714285       0.99999441964285718        2.7822066357430285E-004  0.99998885018484929       0.99997774388113092     
          32  0.69999999999999929       -2.0000000000000000        1.0000000000000000        0.0000000000000000        1.0000000000000000        1.0000000000000000     
          32  0.59999999999999931       -2.0000000000000000        1.0000000000000000        0.0000000000000000        1.0000000000000000        1.0000000000000000     
          32  0.49999999999999933       -2.0000000000000000        1.0000000000000000        0.0000000000000000        1.0000000000000000        1.0000000000000000     
          32  0.39999999999999936       -2.0000000000000000        1.0000000000000000        0.0000000000000000        1.0000000000000000        1.0000000000000000     
          32  0.29999999999999938       -2.0000000000000000        1.0000000000000000        0.0000000000000000        1.0000000000000000        1.0000000000000000     
          32  0.19999999999999937       -2.0000000000000000        1.0000000000000000        0.0000000000000000        1.0000000000000000        1.0000000000000000     
          64   5.0000000000000000      -0.42933768136160716        2.1199428013392856E-002  0.10155132316246636        6.8785037313188828E-004   1.3583672795139787E-006
          64   4.9000000000000004      -0.43959402901785716        2.1589006696428572E-002  0.10412407849567273        7.3211635862077988E-004   1.5944766912363256E-006
          64   4.8000000000000007      -0.44887695312499998        2.1262032645089284E-002  0.10464992220440034        7.2046458721160885E-004   1.6288273810565508E-006
          64   4.7000000000000011      -0.45963553292410714        2.2148960658482143E-002  0.11269113866767509        7.5956404209136968E-004   1.6949551548504717E-006
          64   4.6000000000000014      -0.47191964285714288        2.2315848214285713E-002  0.11804215362302289        7.7993903841291152E-004   1.7957457234680467E-006
          64   4.5000000000000018      -0.48414864676339286        2.3011474609374999E-002  0.12939391610666170        8.4870381014687669E-004   2.2443986702366408E-006
          64   4.4000000000000021      -0.49737409319196429        2.3993094308035715E-002  0.13559014415435403        8.8609729494367330E-004   2.3274331516631718E-006
          64   4.3000000000000025      -0.51193882533482138        2.3973388671874998E-002  0.13478409538178915        8.9703261852264399E-004   2.3724615285353984E-006
          64   4.2000000000000028      -0.52660121372767854        2.5138462611607144E-002  0.15240656062430200        9.6603853361947197E-004   2.6250420365922114E-006
          64   4.1000000000000032      -0.54254045758928571        2.5334995814732142E-002  0.16009429129511923        9.9275018487657817E-004   2.8566668175804873E-006
          64   4.0000000000000036      -0.55774658203125005        2.5130789620535714E-002  0.17212121952600482        9.9409188543047233E-004   3.0120976709164487E-006
          64   3.9000000000000035      -0.57602713448660714        2.6589181082589286E-002  0.18268327227147510        1.1210485015596661E-003   3.8791066466460833E-006
          64   3.8000000000000034      -0.59482003348214285        2.6923130580357144E-002  0.19577608204163327        1.1432681764875139E-003   3.9727599316360547E-006
          64   3.7000000000000033      -0.61603724888392852        2.8752790178571429E-002  0.21239184003645997        1.3212178434644426E-003   5.5098781550100280E-006
          64   3.6000000000000032      -0.63754220145089291        3.0106549944196429E-002  0.22418096321777692        1.4153803246361868E-003   5.8886042367792664E-006
          64   3.5000000000000031      -0.66051618303571424        3.0538853236607141E-002  0.24835887781135091        1.4718294143676758E-003   6.4001494574280770E-006
          64   3.4000000000000030      -0.68656738281249996        3.1833844866071430E-002  0.26606939265827784        1.5826157161167691E-003   7.3967500517418164E-006
          64   3.3000000000000029      -0.71581752232142859        3.3850097656250001E-002  0.28140654428093098        1.7805377074650356E-003   9.0979834417583210E-006
          64   3.2000000000000028      -0.74602294921875001        3.7190987723214289E-002  0.33393536737986668        2.1310113157544815E-003   1.2986214499254143E-005
          64   3.1000000000000028      -0.78146275111607144        3.9100341796875000E-002  0.36635292988243745        2.3947379418781827E-003   1.6768556090990421E-005
          64   3.0000000000000027      -0.81990199497767857        4.2364850725446428E-002  0.38557171373430549        2.8252830675670080E-003   2.3252994361838221E-005
          64   2.9000000000000026      -0.86177769252232139        4.8057512555803573E-002  0.45131015632352217        3.6325215441840035E-003   3.9161262902110496E-005
          64   2.8000000000000025      -0.90996756417410718        5.3551548549107146E-002  0.49174200938965323        4.5063596112387520E-003   5.9228364873149533E-005
          64   2.7000000000000024      -0.96708844866071431        6.3583286830357147E-002  0.59681506173710275        6.2216779163905556E-003   1.1065664875023426E-004
          64   2.6000000000000023       -1.0331263950892857        7.6414620535714281E-002  0.71771414915361309        9.2008432320186077E-003   2.4699165028295054E-004
          64   2.5000000000000022       -1.1132216099330356       0.10778407505580358       0.84884253499694595        1.7736165438379560E-002   8.8868452430012159E-004
          64   2.4000000000000021       -1.2166081996372768       0.19125780378069196        1.2172753597836381        5.3655515169245854E-002   6.8779477782421067E-003
          64   2.3158750000000001       -1.3464486921037946       0.45312424316406252        1.9027842740081125       0.23766152816840580        7.7789901628120176E-002
          64   2.3108750000000002       -1.3560180385044642       0.47611876046316964        1.9252635521672536       0.25779074787582668        8.8281200646710814E-002
          64   2.3058750000000003       -1.3655790841238840       0.49877306780133929        1.9414366698359991       0.27823142003161566        9.9517456820663500E-002
          64   2.3008750000000004       -1.3750161202566964       0.52041630859374999        1.9514002271933490       0.29852190596716743       0.11123609515395860     
          64   2.2958750000000006       -1.3848643450055804       0.54193992919921874        1.9482407587708801       0.31936278880579133       0.12391484307341902     
          64   2.2908750000000007       -1.3944221261160714       0.56273173479352678        1.9406354884943913       0.34003831728696821       0.13700420964198604     
          64   2.2858750000000008       -1.4038600062779019       0.58190668073381702        1.9386295204395652       0.36009808249218123       0.15055127055019413     
          64   2.2808750000000009       -1.4134069649832590       0.60098541434151787        1.9257735954529764       0.38057642980984280       0.16491914656080139     
          64   2.2758750000000010       -1.4227996442522322       0.61821933593750000        1.9087929235396841       0.39973888695921217       0.17906788379605595     
          64   2.2708750000000011       -1.4320820138113839       0.63567388741629460        1.8782436920610139       0.41959596439599989       0.19418521755068677     
          64   2.2658750000000012       -1.4414192382812501       0.65155633196149554        1.8635460973099107       0.43837369747076715       0.20932410035473553     
          64   2.2608750000000013       -1.4504548270089286       0.66619192940848215        1.8374511720077200       0.45609331520114627       0.22405068061618813     
          64   2.2558750000000014       -1.4594943498883928       0.68056176932198664        1.8011737524013574       0.47396285229495594       0.23949688387822082     
          64   2.2508750000000015       -1.4682922921316963       0.69370008370535718        1.7697045663125288       0.49072448533432822       0.25457006221103956     
          64   2.2458750000000016       -1.4769808733258929       0.70601972656250001        1.7347005304624006       0.50674518137659341       0.26938596429282752     
          64   2.2408750000000017       -1.4855659633091518       0.71777141113281251        1.6929468933829477       0.52235198268890382       0.28432295693698406     
          64   2.2358750000000018       -1.4939094656808036       0.72865188162667416        1.6493832373317330       0.53717630967497820       0.29898306427625104     
          64   2.2000000000000002       -1.5481320242745535       0.78705707484654019        1.3841853303294689       0.62187253824727873       0.39201855193212831     
          64   2.1000000000000001       -1.6624932791573661       0.86905152239118300       0.95907913141971946       0.75573348231060167       0.57255993125159554     
          64   2.0000000000000000       -1.7457403773716518       0.91141373116629465       0.72268369963057921       0.83086278690951210       0.69095142337031112     
          64   1.8999999999999999       -1.8100687081473215       0.93847970145089288       0.56747737700154122       0.88083738378116061       0.77620141986477786     
          64   1.7999999999999998       -1.8595493861607142       0.95695399693080352       0.44151592567035514       0.91581257964883533       0.83890098295754989     
          64   1.6999999999999997       -1.8984378487723215       0.97016706194196434       0.32904749658344656       0.94125209825379508       0.88606061372965539     
          64   1.5999999999999996       -1.9283143833705356       0.97965436662946426       0.25961919336978678       0.95973979115486141       0.92116603011257003     
          64   1.4999999999999996       -1.9513023158482143       0.98654000418526788       0.18554318222029714       0.97327057012489859       0.94729212269960039     
          64   1.3999999999999995       -1.9680423409598213       0.99139613560267859       0.14651761488475681       0.98287204367773873       0.96606002472322772     
          64   1.2999999999999994       -1.9804516601562501       0.99481567382812497       0.10165012027491747       0.98966151705810002       0.97944293908375002     
          64   1.1999999999999993       -1.9887039620535714       0.99705113002232137        6.5576343494437195E-002  0.99411264266286581       0.98826664985121948     
          64   1.0999999999999992       -1.9939613560267857       0.99844534737723212        4.1008297075151454E-002  0.99689395146710535       0.99380089732910559     
          64  0.99999999999999922       -1.9973807198660714       0.99933192661830361        2.3882682957264516E-002  0.99866469034126826       0.99733272380663074     
          64  0.89999999999999925       -1.9992808314732142       0.99981794084821429        9.3858236298583215E-003  0.99963603615760799       0.99927268948660897     
          64  0.79999999999999927       -1.9999312918526786       0.99998273577008934        9.7468706883319285E-004  0.99996548150266917       0.99993100282886194     
          64  0.69999999999999929       -1.9999965122767858       0.99999912806919644        5.6840734923382084E-005  0.99999825656414032       0.99999651483043894     
          64  0.59999999999999931       -2.0000000000000000        1.0000000000000000        0.0000000000000000        1.0000000000000000        1.0000000000000000     
          64  0.49999999999999933       -2.0000000000000000        1.0000000000000000        0.0000000000000000        1.0000000000000000        1.0000000000000000     
          64  0.39999999999999936       -2.0000000000000000        1.0000000000000000        0.0000000000000000        1.0000000000000000        1.0000000000000000     
          64  0.29999999999999938       -2.0000000000000000        1.0000000000000000        0.0000000000000000        1.0000000000000000        1.0000000000000000     
          64  0.19999999999999937       -2.0000000000000000        1.0000000000000000        0.0000000000000000        1.0000000000000000        1.0000000000000000     
         128   5.0000000000000000      -0.42863316127232143        1.0705958775111607E-002   9.8238055723850262E-002   1.7840241215058734E-004   9.7360929571878504E-008
         128   4.9000000000000004      -0.43813755580357144        1.0740661621093750E-002  0.10380511959834048        1.8105305199112210E-004   9.6750488154146682E-008
         128   4.8000000000000007      -0.44903538295200895        1.1019679478236608E-002  0.11250413405381463        1.9087601453065872E-004   1.0646467009695865E-007
         128   4.7000000000000011      -0.46013087681361609        1.1210850306919642E-002  0.11025974107019861        1.9905537366867064E-004   1.1855037279977816E-007
         128   4.6000000000000014      -0.47136021205357143        1.1134033203124999E-002  0.12116092319119083        1.9776036696774618E-004   1.2396968289172884E-007
         128   4.5000000000000018      -0.48384373256138391        1.1328735351562501E-002  0.12593612552334452        2.0307732479912894E-004   1.2220272926054066E-007
         128   4.4000000000000021      -0.49721051897321428        1.2058890206473214E-002  0.13632930946705740        2.2581856165613447E-004   1.5043934445227845E-007
         128   4.3000000000000025      -0.51047023228236610        1.2242606026785714E-002  0.14082529711072087        2.3320243826934270E-004   1.6253790323011203E-007
         128   4.2000000000000028      -0.52570905412946434        1.2202627999441964E-002  0.14602442158698015        2.3450437933206559E-004   1.6755861808421494E-007
         128   4.1000000000000032      -0.54089930943080355        1.2333679199218749E-002  0.15066624941837217        2.4244201502629688E-004   1.8249112447592848E-007
         128   4.0000000000000036      -0.55754124232700897        1.2693394252232143E-002  0.17823490811559820        2.5457174650260380E-004   1.9633371308296662E-007
         128   3.9000000000000035      -0.57532993861607140        1.3171735491071429E-002  0.18788171409160298        2.7611335473401205E-004   2.3666604741464806E-007
         128   3.8000000000000034      -0.59421229771205353        1.3685171944754465E-002  0.19653514224805932        2.9365575207131249E-004   2.5157272090522590E-007
         128   3.7000000000000033      -0.61425554547991068        1.4319632393973214E-002  0.20946938911635374        3.2020597585609981E-004   3.1024415855150447E-007
         128   3.6000000000000032      -0.63656764439174107        1.5258919852120535E-002  0.22591055402233554        3.6211167595216206E-004   3.9230170802992005E-007
         128   3.5000000000000031      -0.66018920898437505        1.5299682617187499E-002  0.23823566673865751        3.7351225103650777E-004   4.3843032725960587E-007
         128   3.4000000000000030      -0.68627746582031246        1.5953020368303570E-002  0.27216420473944891        3.9555753980364118E-004   4.6719228682823297E-007
         128   3.3000000000000029      -0.71487147739955359        1.7295052664620537E-002  0.30005462127774929        4.5991364866495134E-004   5.8854442376862369E-007
         128   3.2000000000000028      -0.74571855817522326        1.7719813755580356E-002  0.32289267305198821        4.9464253442628046E-004   7.2648676003491829E-007
         128   3.1000000000000028      -0.77950038364955354        1.8764779227120536E-002  0.36564769176932022        5.5554171225854327E-004   9.5955160476803218E-007
         128   3.0000000000000027      -0.81787030901227675        2.1906869070870534E-002  0.40483231689742882        7.4973632714578082E-004   1.6543892419953624E-006
         128   2.9000000000000026      -0.86052472795758927        2.3534284319196429E-002  0.43157159041553883        8.4849039358752111E-004   2.0196719974490446E-006
         128   2.8000000000000025      -0.90873413085937504        2.6000714983258930E-002  0.50345063279021784        1.0564583114215306E-003   3.1387763801649095E-006
         128   2.7000000000000024      -0.96488045828683033        3.0111040387834822E-002  0.58816943711726088        1.4271229239446776E-003   6.2008304842777913E-006
         128   2.6000000000000023       -1.0295495605468750        3.7584359305245535E-002  0.70355645457849803        2.2231027750032289E-003   1.5648914124592143E-005
         128   2.5000000000000022       -1.1082582310267857        5.1744646344866072E-002  0.89769009757728613        4.1653224612985340E-003   4.8680887007205460E-005
         128   2.4000000000000021       -1.2071063302176339        8.2865944562639515E-002   1.1478512254326567        1.0664989403156298E-002   3.2784460589175440E-004
         128   2.2924375000000001       -1.3732254542759486       0.41429483642578124        2.2885278892677481       0.19963618559890559        5.5186934665190007E-002
         128   2.2874375000000002       -1.3847471156529019       0.45889544416155131        2.3136159138002657       0.23581911481810466        7.1411565257495618E-002
         128   2.2824375000000003       -1.3961634530203684       0.50044122750418529        2.3013060822011773       0.27209740708917379        8.9518439189215288E-002
         128   2.2774375000000004       -1.4073905439104353       0.53844798932756699        2.2661447416269005       0.30746294739203794       0.10893953495305526     
         128   2.2724375000000006       -1.4185052559988840       0.57278896876743857        2.2087325416160803       0.34174773013788673       0.12972109245111621     
         128   2.2674375000000007       -1.4292437604631696       0.60148038112095426        2.1593948599258401       0.37258524962072925       0.15038004633405030     
         128   2.2624375000000008       -1.4399642560686383       0.62788781694684714        2.1094389582955504       0.40259146558434833       0.17207877121452447     
         128   2.2574375000000009       -1.4501704302106584       0.65075075247628344        2.0388629618281682       0.42981739179289769       0.19324243291033338     
         128   2.2524375000000010       -1.4601667794363840       0.67054291904994423        1.9704035099298216       0.45457053081233589       0.21385501164793061     
         128   2.2000000000000002       -1.5469742300851004       0.78544502650669645        1.4135229012011650       0.61756421096963543       0.38291358564662936     
         128   2.1000000000000001       -1.6622040588378906       0.86884524405343189       0.96518435638082212       0.75501364746578037       0.57041069806771771     
         128   2.0000000000000000       -1.7456332109723773       0.91135954502650673       0.72553311729643610       0.83062323237817204       0.69009080012556034     
         128   1.8999999999999999       -1.8094818987165178       0.93829132080078126       0.57313714878899025       0.88041395171944581       0.77521089140702348     
         128   1.7999999999999998       -1.8591689627511161       0.95680411202566962       0.42722163628319715       0.91548643082380299       0.83816050307219025     
         128   1.6999999999999997       -1.8981898716517858       0.97006356375558034       0.34836941439919039       0.94103065216115545       0.88556627816076672     
         128   1.5999999999999996       -1.9280728585379465       0.97957706996372773       0.27709605138852578       0.95957568366080526       0.92080255947066381     
         128   1.4999999999999996       -1.9512472098214286       0.98653137207031250       0.18481575431845473       0.97324644091938228       0.94721755861560530     
         128   1.3999999999999995       -1.9680050223214285       0.99136008126395092       0.13526611226701132       0.98279616607619180       0.96589363080737778     
         128   1.2999999999999994       -1.9802995954241072       0.99478158133370531       0.10072624244291163       0.98959119981953081       0.97929392955428329     
         128   1.1999999999999993       -1.9886594063895089       0.99704459054129468        6.7069715901703270E-002  0.99409834847918577       0.98823324770127297     
         128   1.0999999999999992       -1.9939483642578124       0.99844220842633924        4.1001951545650152E-002  0.99688705310225489       0.99378463200066203     
         128  0.99999999999999922       -1.9971538434709821       0.99927516392299109        2.4188137256715019E-002  0.99855095170438291       0.99710439640990423     
         128  0.89999999999999925       -1.9988705880301338       0.99971418108258925        1.2049221154877270E-002  0.99942848261977946       0.99885744681135569     
         128  0.79999999999999927       -1.9997434779575893       0.99993538992745534        3.9807993061913372E-003  0.99987079400037016       0.99974164456650394     
         128  0.69999999999999929       -1.9999816022600447       0.99999537876674105        3.7090842165433101E-004  0.99999075825725281       0.99998151940907909     
         128  0.59999999999999931       -1.9999998256138394       0.99999995640345984        3.8738613107448739E-006  0.99999991281224143       0.99999982564576773     
         128  0.49999999999999933       -2.0000000000000000        1.0000000000000000        0.0000000000000000        1.0000000000000000        1.0000000000000000     
         128  0.39999999999999936       -2.0000000000000000        1.0000000000000000        0.0000000000000000        1.0000000000000000        1.0000000000000000     
         128  0.29999999999999938       -2.0000000000000000        1.0000000000000000        0.0000000000000000        1.0000000000000000        1.0000000000000000     
         128  0.19999999999999937       -2.0000000000000000        1.0000000000000000        0.0000000000000000        1.0000000000000000        1.0000000000000000     
