          16   5.0000000000000000      -0.42952901785714287        8.5671316964285718E-002  0.10019474280612257        1.1456608363560267E-002   3.8480069355240889E-004
          16   4.7999999999999998      -0.44889843750000002        8.6307477678571429E-002  0.10770450003487692        1.1677677699497768E-002   4.0509747261447565E-004
          16   4.5999999999999996      -0.47053236607142856        9.0386160714285721E-002  0.12174436857121144        1.2753967285156251E-002   4.8298863055450575E-004
          16   4.4000000000000004      -0.49721986607142860        9.0104910714285710E-002  0.13243243154344619        1.2671901157924107E-002   4.7048951525773322E-004
          16   4.2000000000000002      -0.52473883928571430        9.7010602678571423E-002  0.14788297924186652        1.4744136265345983E-002   6.4004499757928511E-004
          16   4.0000000000000000      -0.55789397321428569       0.10367020089285714       0.17043036254384614        1.6619144984654017E-002   7.8961989097297192E-004
          16   3.7999999999999998      -0.59054910714285713       0.11176618303571428       0.20131284308044561        1.9427137102399555E-002   1.0749105712664980E-003
          16   3.5999999999999996      -0.63717745535714287       0.12201060267857143       0.22710449536151242        2.3106510707310266E-002   1.4938550759106876E-003
          16   3.3999999999999999      -0.68667522321428576       0.13183370535714287       0.27133665632613224        2.6947422572544642E-002   2.0994643334831509E-003
          16   3.2000000000000002      -0.74429241071428576       0.15157756696428570       0.32027236016721189        3.4597364153180807E-002   3.1945663278124163E-003
          16   3.0000000000000000      -0.81689174107142859       0.17399665178571427       0.40195088488520508        4.6487618582589284E-002   5.9389755470412118E-003
          16   2.7999999999999998      -0.90936272321428568       0.20933203124999999       0.51309754883219494        6.4628649030412946E-002   1.0446610626631549E-002
          16   2.5999999999999996       -1.0492265624999999       0.32562500000000000       0.76097837628118037       0.14570024762834821        4.2064623207918234E-002
          16   2.3999999999999999       -1.2574978794642857       0.51993113839285710        1.4236716608864559       0.32872496250697547       0.16112367051909013     
          16   2.3900000000000001       -1.2689351562500000       0.53010412946428576        1.4376048636142407       0.33795058593749999       0.16742590978688426     
          16   2.3800000000000003       -1.2823931919642857       0.54501579241071429        1.4653933194775861       0.35356325378417969       0.17946721867549101     
          16   2.3700000000000001       -1.2999415178571430       0.56363180803571433        1.4964906321247622       0.37339928414481027       0.19478162016618464     
          16   2.3600000000000003       -1.3077590401785715       0.56808253348214288        1.4943717073436606       0.37840835876464846       0.19918933397055205     
          16   2.3500000000000001       -1.3259088169642856       0.59165552455357140        1.4843924665509254       0.40107707563127792       0.21503778662843895     
          16   2.3400000000000003       -1.3495366071428572       0.61686378348214288        1.5310522447265067       0.43025274614606585       0.24047645002888249     
          16   2.3300000000000001       -1.3666632812499999       0.63488671875000002        1.5397997634066010       0.45052117745535714       0.25790056560922947     
          16   2.3200000000000003       -1.3720405133928570       0.63267907366071430        1.6015603842080133       0.45151408996582032       0.26181375562365033     
          16   2.3100000000000001       -1.3960992187500001       0.66400407366071423        1.5296426599390660       0.48412766854422434       0.28706306664478032     
          16   2.3000000000000003       -1.4008491071428570       0.65848448660714287        1.5975993248331681       0.48203650512695312       0.28986194326361375     
          16   2.2900000000000000       -1.4176253348214285       0.68077572544642861        1.5457942252054631       0.50424767238071988       0.30701294450102640     
          16   2.2800000000000002       -1.4361447544642858       0.69797332589285710        1.5010703643893561       0.52647561732700898       0.32797192080946908     
          16   2.2700000000000000       -1.4541743303571428       0.71597522321428575        1.4919449474830320       0.54826870553152907       0.34910826380907423     
          16   2.2600000000000002       -1.4683106026785715       0.72886635044642856        1.4771197303611674       0.56435708923339845       0.36495720293194589     
          16   2.2500000000000000       -1.4822758928571429       0.74263325892857146        1.4264031110707924       0.58098460257393969       0.38068727283270232     
          16   2.2400000000000002       -1.5005183035714287       0.75555597098214289        1.3876622104376142       0.59916588439941409       0.40130933164728005     
          16   2.2300000000000000       -1.5120418526785715       0.76384771205357138        1.4042053138309287       0.61090363900320865       0.41478247746120073     
          16   2.2200000000000002       -1.5195091517857142       0.76480245535714286        1.4149992825811846       0.61456717442103792       0.42144779510354358     
          16   2.2100000000000000       -1.5387018973214286       0.78664229910714289        1.3192660726657981       0.64104785853794644       0.44708530022555165     
          16   2.2000000000000002       -1.5444074776785714       0.78797511160714284        1.3259162406965681       0.64318167114257807       0.45058125499545465     
          16   2.0000000000000000       -1.7436181919642857       0.90935279017857140       0.74666431221220364       0.83074259730747768       0.69998348472320604     
          16   1.8000000000000003       -1.8594296875000000       0.95711662946428566       0.43911875620038643       0.91681835501534603       0.84319699397017911     
          16   1.6000000000000001       -1.9277455357142856       0.97954408482142852       0.26334009287309884       0.95976728602818084       0.92213443279505836     
          16   1.4000000000000001       -1.9678303571428570       0.99131138392857143       0.14812204289882525       0.98279257638113837       0.96624647740327885     
          16   1.2000000000000002       -1.9881249999999999       0.99690122767857148        6.9337797619084526E-002  0.99384043230329244       0.98783040028677460     
          16   1.0000000000000000       -1.9972834821428571       0.99930412946428571        2.2610855867355895E-002  0.99861475917271203       0.99725523677015948     
          16  0.80000000000000004       -1.9996473214285715       0.99991127232142862        4.4563855228219032E-003  0.99982326398577004       0.99964938128234015     
          16  0.60000000000000009       -1.9999933035714286       0.99999832589285720        1.4877763589993262E-004  0.99999666486467631       0.99999338163728158     
          16  0.40000000000000013       -2.0000000000000000        1.0000000000000000        0.0000000000000000        1.0000000000000000        1.0000000000000000     
          16  0.20000000000000018       -2.0000000000000000        1.0000000000000000        0.0000000000000000        1.0000000000000000        1.0000000000000000     
          32   5.0000000000000000      -0.42827929687499999        4.3032366071428574E-002   9.7495605200894037E-002   2.8669063023158484E-003   2.3880992213629985E-005
          32   4.7999999999999998      -0.44895396205357141        4.2421316964285714E-002  0.10848382235849362        2.8281135559082033E-003   2.4229002357710020E-005
          32   4.5999999999999996      -0.47107645089285716        4.6139927455357145E-002  0.12173544494268497        3.3128697531563897E-003   3.1525934099460888E-005
          32   4.4000000000000004      -0.49630245535714285        4.7209821428571427E-002  0.13148843548395686        3.4689859662737164E-003   3.4729851873375340E-005
          32   4.2000000000000002      -0.52515485491071423        4.8817382812499997E-002  0.14911024294257608        3.7020827702113558E-003   3.9987808208804510E-005
          32   4.0000000000000000      -0.55741545758928568        5.0378766741071432E-002  0.16684062236427977        4.0023103441510881E-003   4.8401981532931260E-005
          32   3.7999999999999998      -0.59460686383928574        5.3356724330357146E-002  0.19615723268499022        4.4183526720319478E-003   5.5746903348855474E-005
          32   3.5999999999999996      -0.63712304687499999        6.1235491071428574E-002  0.23037548815207431        5.8256661551339285E-003   9.6239844170798149E-005
          32   3.3999999999999999      -0.68542912946428569        6.6982282366071427E-002  0.25750290407523524        6.9581901005336217E-003   1.3878319148976257E-004
          32   3.2000000000000002      -0.74331277901785719        7.2891043526785715E-002  0.32201834628824416        8.2961935315813331E-003   2.0514602026897982E-004
          32   3.0000000000000000      -0.81661690848214286        8.5595982142857144E-002  0.39552533282844454        1.1487758636474610E-002   3.8479309710133487E-004
          32   2.7999999999999998      -0.91003459821428567       0.10523618861607142       0.51463824789802792        1.7632052557809013E-002   9.8042591895604607E-004
          32   2.5999999999999996       -1.0286967075892857       0.14412960379464285       0.69898125696954883        3.1661912373134066E-002   2.7031008734536175E-003
          32   2.3999999999999999       -1.2157424107142858       0.32960825892857143        1.2959739722753167       0.14607014067513602        4.0813066205041208E-002
          32   2.3900000000000001       -1.2243012834821430       0.32874422433035716        1.3824409145420500       0.14856204937526157        4.3265494313724465E-002
          32   2.3800000000000003       -1.2425306361607142       0.36148123604910715        1.4486435667073643       0.17431022946493965        5.5543185502573346E-002
          32   2.3700000000000001       -1.2571877511160714       0.38493588169642856        1.5385237654806521       0.19182890581403461        6.3959946256575806E-002
          32   2.3600000000000003       -1.2687289899553571       0.40142686941964284        1.5767374001502745       0.20451704123360770        6.9727832132708029E-002
          32   2.3500000000000001       -1.2826234095982143       0.41118006417410713        1.6394220992205959       0.21667201061248778        7.8744593528611684E-002
          32   2.3400000000000003       -1.3012983816964285       0.44418616071428574        1.7423789410874482       0.24783582948957170        9.7379535683627394E-002
          32   2.3300000000000001       -1.3146955915178571       0.46205051618303572        1.7327092003166422       0.26174861572810582       0.10482111464125971     
          32   2.3200000000000003       -1.3375482979910713       0.51217359095982140        1.7948652004811452       0.30547717080797465       0.13000261338884436     
          32   2.3100000000000001       -1.3573693638392856       0.54736074218749997        1.8313579636760176       0.33950266249520439       0.15182817120571418     
          32   2.3000000000000003       -1.3805221261160714       0.58504840959821425        1.8687484062799937       0.38062911039079939       0.18224365231103479     
          32   2.2900000000000000       -1.3949363281250000       0.59566044921875005        1.8754837597124046       0.39461089496612550       0.19441298691059752     
          32   2.2800000000000002       -1.4202760323660715       0.64611640625000000        1.8300235752101823       0.44740201230730331       0.23432832514683957     
          32   2.2700000000000000       -1.4276966517857144       0.64180892857142857        1.8837262092952352       0.44534121894836426       0.23575897779924168     
          32   2.2600000000000002       -1.4521675781250001       0.68456926618303571        1.7485219338452540       0.49152875319889616       0.27105591825987907     
          32   2.2500000000000000       -1.4719134486607144       0.71093105468749995        1.6811817821106632       0.52361337122235985       0.30030246311159969     
          32   2.2400000000000002       -1.4888279296875000       0.73073754185267858        1.6004260307211460       0.54976813237326483       0.32610750402109168     
          32   2.2300000000000000       -1.4990240792410714       0.73602177734374996        1.6006409762390477       0.55835581477028984       0.33650201619261755     
          32   2.2200000000000002       -1.5101368861607143       0.73753503069196424        1.6726675855333948       0.56447900676727292       0.34681392480335665     
          32   2.2100000000000000       -1.5351816127232143       0.77716414620535712        1.4130281235556605       0.61345690073285786       0.39300537233192401     
          32   2.2000000000000002       -1.5460554687500001       0.78605818917410719        1.3766574987639537       0.62567754884447369       0.40729474489159379     
          32   2.0000000000000000       -1.7456551897321428       0.91118876953125005       0.72466337381933954       0.83102825178418838       0.69304901604190117     
          32   1.8000000000000003       -1.8600412946428571       0.95717034040178572       0.43675342931167344       0.91637008476257320       0.84044109602357853     
          32   1.6000000000000001       -1.9282352120535715       0.97960365513392855       0.25950223883803852       0.95969005938938690       0.92125972862022065     
          32   1.4000000000000001       -1.9679963727678571       0.99137304687500005       0.14434897727336904       0.98284340885707311       0.96607082078995055     
          32   1.2000000000000002       -1.9886157924107142       0.99703208705357138        6.7762830337553856E-002  0.99407990210396902       0.98822229269749573     
          32   1.0000000000000000       -1.9972195870535714       0.99929227120535713        2.2944258211282431E-002  0.99858653341020853       0.99718100311322222     
          32  0.80000000000000004       -1.9996515066964287       0.99991238839285712        4.3658819699032838E-003  0.99982495825631279       0.99965064081642574     
          32  0.60000000000000009       -1.9999810267857143       0.99999525669642852        4.4540461961635919E-004  0.99999052320207871       0.99998108555594389     
          32  0.40000000000000013       -2.0000000000000000        1.0000000000000000        0.0000000000000000        1.0000000000000000        1.0000000000000000     
          32  0.20000000000000018       -2.0000000000000000        1.0000000000000000        0.0000000000000000        1.0000000000000000        1.0000000000000000     
          64   5.0000000000000000      -0.42855147879464284        2.1116245814732142E-002   9.6898847420284262E-002   7.0022319044385636E-004   1.4612650730936951E-006
          64   4.7999999999999998      -0.44864697265624998        2.1608886718750001E-002  0.10869723918249068        7.3024146897452216E-004   1.5790540824371289E-006
          64   4.5999999999999996      -0.47108321707589285        2.2175606863839285E-002  0.11709978832826178        7.6605921132223947E-004   1.7232860101371119E-006
          64   4.4000000000000004      -0.49674637276785716        2.3031842912946427E-002  0.13570505504919661        8.3104639393942698E-004   2.0516879768633445E-006
          64   4.2000000000000002      -0.52486383928571434        2.4893310546874999E-002  0.14788690215881412        9.7207146031515939E-004   2.8085124660240778E-006
          64   4.0000000000000000      -0.55737723214285717        2.6076729910714285E-002  0.17271614716199224        1.0667723928179059E-003   3.3721378229886667E-006
          64   3.7999999999999998      -0.59411258370535713        2.7784633091517859E-002  0.19962780982686887        1.2059776953288488E-003   4.3338550754461787E-006
          64   3.5999999999999996      -0.63700327845982141        2.9508614676339286E-002  0.23365929668155569        1.3664393595286778E-003   5.6344786028838764E-006
          64   3.3999999999999999      -0.68502329799107142        3.2145996093749997E-002  0.27761836805723505        1.6048520633152553E-003   7.4432399614384587E-006
          64   3.2000000000000002      -0.74462667410714289        3.6881626674107146E-002  0.31587927482759065        2.1136142866952077E-003   1.3153702406270896E-005
          64   3.0000000000000000      -0.81657470703125001        4.4489188058035714E-002  0.40895809810576289        3.0795045580182755E-003   2.7559780815847392E-005
          64   2.7999999999999998      -0.90962723214285712        5.6418840680803571E-002  0.53625508349391438        4.8711095026561192E-003   6.6339488244973873E-005
          64   2.5999999999999996       -1.0268317522321428        7.2340157645089290E-002  0.71208113240209614        8.0829275505883355E-003   1.8356642363321742E-004
          64   2.3999999999999999       -1.2063358677455358       0.16292306780133928        1.1721321498290158        4.0942131165095735E-002   4.4405045467845296E-003
          64   2.3900000000000001       -1.2167749372209822       0.17429128069196428        1.1909940432577595        4.5254969416345867E-002   5.1252258962335030E-003
          64   2.3800000000000003       -1.2278435198102680       0.18894309430803571        1.2587432200305388        5.4018246330533710E-002   7.3798274437751384E-003
          64   2.3700000000000001       -1.2417022321428572       0.20356833844866071        1.3094016428642727        6.0436124232837132E-002   8.5129203296131582E-003
          64   2.3600000000000003       -1.2528742047991070       0.21314914202008928        1.3333006975848183        6.5589567364965171E-002   9.8015740331194000E-003
          64   2.3500000000000001       -1.2688693289620536       0.24514999302455356        1.4303906899068530        8.5102659654617316E-002   1.5425801821517387E-002
          64   2.3400000000000003       -1.2805040387834821       0.26142328404017856        1.4752770926638050        9.5957537681715832E-002   1.9007571631068695E-002
          64   2.3300000000000001       -1.2978125069754465       0.29754616001674106        1.6432758319479464       0.11867022097281048        2.6647110588614215E-002
          64   2.3200000000000003       -1.3174008300781250       0.33896065848214285        1.8204781841857214       0.15155813433442797        4.1086459472754085E-002
          64   2.3100000000000001       -1.3352612444196428       0.38513332868303574        2.0524093686615208       0.19003239156178064        5.9475924773213187E-002
          64   2.3000000000000003       -1.3574377580915178       0.42819866071428569        2.2008218208116497       0.22800108025755200        8.0072157004371411E-002
          64   2.2900000000000000       -1.3797887555803572       0.49526765485491070        2.1402239928933193       0.28081261333738056       0.10601451350765817     
          64   2.2800000000000002       -1.3972085937500001       0.53748685477120539        2.1780209937189583       0.32135349153620857       0.13017255608118528     
          64   2.2700000000000000       -1.4226991489955356       0.60899506487165178        2.0893302445117632       0.38992483069726397       0.17334905100629297     
          64   2.2600000000000002       -1.4397743861607142       0.62554114815848216        2.1877475351633575       0.41446490473066055       0.19627551629003001     
          64   2.2500000000000000       -1.4652284458705358       0.68491402064732143        1.8758413295813456       0.48097676259790151       0.24733760173092467     
          64   2.2400000000000002       -1.4845492745535713       0.71502688685825888        1.7833032826394639       0.51861881809064325       0.28137075595075689     
          64   2.2300000000000000       -1.4994041085379464       0.72843788364955353        1.7936007808235823       0.53897222717830118       0.30363551143197692     
          64   2.2200000000000002       -1.5188155761718749       0.76069915597098214        1.4540991808667718       0.58140594763755793       0.34396251184783388     
          64   2.2100000000000000       -1.5282302664620535       0.76104349888392853        1.6593522716957085       0.58452964664527352       0.35175656874405453     
          64   2.2000000000000002       -1.5467848074776787       0.78621628766741070        1.4130600062611289       0.62034170055048810       0.38988154356178495     
          64   2.0000000000000000       -1.7456149204799107       0.91141513671874996       0.73001099948032788       0.83086646324225832       0.69096116725543399     
          64   1.8000000000000003       -1.8593699776785715       0.95692585100446426       0.43941589073098969       0.91575647013528005       0.83879041361772633     
          64   1.6000000000000001       -1.9280626395089286       0.97954010881696429       0.25582276608204774       0.95951546549797062       0.92073370361239470     
          64   1.4000000000000001       -1.9680094168526785       0.99134814453124998       0.14322577701060085       0.98277699262755258       0.96587358466582585     
          64   1.2000000000000002       -1.9886340680803571       0.99703930664062501        6.6764054915640553E-002  0.99408907701287952       0.98821984029914500     
          64   1.0000000000000000       -1.9970848911830357       0.99925673130580361        2.3823069177524303E-002  0.99851440526757917       0.99703257516782884     
          64  0.80000000000000004       -1.9996154436383928       0.99990321568080354        4.8645278326375765E-003  0.99980648934841154       0.99961321048350671     
          64  0.60000000000000009       -1.9999866071428571       0.99999665178571429        3.0177862855554035E-004  0.99999330524035868       0.99998661715304493     
          64  0.40000000000000013       -2.0000000000000000        1.0000000000000000        0.0000000000000000        1.0000000000000000        1.0000000000000000     
          64  0.20000000000000018       -2.0000000000000000        1.0000000000000000        0.0000000000000000        1.0000000000000000        1.0000000000000000     
         128   5.0000000000000000      -0.42828949846540176        1.0361057826450892E-002   9.5898899495987275E-002   1.6908300668001176E-004   8.5702252040774164E-008
         128   4.7999999999999998      -0.44865900530133929        1.0677124023437500E-002  0.10563859623759066        1.7950932681560516E-004   9.9428706379641903E-008
         128   4.5999999999999996      -0.47134957449776788        1.1360377720424107E-002  0.12131284341781823        2.0179795899561472E-004   1.2022958498109874E-007
         128   4.4000000000000004      -0.49698920549665176        1.1489179338727678E-002  0.13170173895920176        2.0550376496144702E-004   1.2267395924755611E-007
         128   4.2000000000000002      -0.52516608537946430        1.1990495954241072E-002  0.15215991993443495        2.2677404752799443E-004   1.5411509504104081E-007
         128   4.0000000000000000      -0.55724037388392855        1.2861127580915179E-002  0.17007387693320197        2.5768740581614630E-004   1.9451149302496251E-007
         128   3.7999999999999998      -0.59402973284040184        1.3744567871093750E-002  0.19380945288605461        2.9801175317593985E-004   2.6625734760981387E-007
         128   3.5999999999999996      -0.63646587262834819        1.5197780064174106E-002  0.22447529718501311        3.6028992597545898E-004   3.8025350983185634E-007
         128   3.3999999999999999      -0.68570380510602680        1.6363560267857142E-002  0.26505301684043492        4.1767133346625737E-004   5.1781335058672816E-007
         128   3.2000000000000002      -0.74504607282366075        1.8584010532924106E-002  0.31330334892842865        5.4027849967990601E-004   8.5373721960299184E-007
         128   3.0000000000000000      -0.81709045410156245        2.1334699358258928E-002  0.39121836954776273        7.1492661109992441E-004   1.5035041277396172E-006
         128   2.7999999999999998      -0.90776225934709820        2.9493347167968750E-002  0.50737383811983083        1.3365797709141460E-003   4.9560788729916701E-006
         128   2.5999999999999996       -1.0280554896763392        3.7492257254464284E-002  0.72753874807788721        2.1280395409890582E-003   1.1927844099640079E-005
         128   2.3999999999999999       -1.2029157052176340        7.6829050118582584E-002   1.1118569316528870        9.1192002661526200E-003   2.3554808225785157E-004
         128   2.3900000000000001       -1.2158753522600447        8.9512646484375000E-002   1.1920421775345740        1.2238395699007171E-002   3.9709945791276992E-004
         128   2.3800000000000003       -1.2270562848772322        8.9434611293247770E-002   1.1801741149139644        1.2450695710203477E-002   4.5358459902337988E-004
         128   2.3700000000000001       -1.2393495500837053        9.7184408133370537E-002   1.2414883246863286        1.4454799885622092E-002   5.6017119401457116E-004
         128   2.3600000000000003       -1.2525735961914062       0.10277994646344867        1.3226914627111930        1.6416183036459343E-002   7.2139004965433785E-004
         128   2.3500000000000001       -1.2658215192522322       0.11659151000976563        1.2839309275813269        2.0509528343911683E-002   1.0905804975708108E-003
         128   2.3400000000000003       -1.2790325212751117       0.14629531685965402        1.4163276644383409        3.1569865400982756E-002   2.3996914351940841E-003
         128   2.3300000000000001       -1.2963664585658483       0.17030763375418526        1.5525965388110154        4.2128939763243708E-002   4.2627096710236073E-003
         128   2.3200000000000003       -1.3110889247349331       0.18628060215541295        1.5931151447867451        5.1130079340189698E-002   6.3859356706513545E-003
         128   2.3100000000000001       -1.3264067452566963       0.21203676670619420        1.8015931424261260        6.5809359082047422E-002   9.8314812741188470E-003
         128   2.3000000000000003       -1.3462027500697544       0.28718899012974330        2.3549874135389230       0.11327587161117367        2.5636411863754441E-002
         128   2.2900000000000000       -1.3622134817940847       0.30455596487862724        2.5401992106776157       0.12660235953895110        3.1825759006165216E-002
         128   2.2800000000000002       -1.3885006382533482       0.40858032836914060        2.7811462487293692       0.20472521160362023        6.3282757750491497E-002
         128   2.2700000000000000       -1.4071342825753348       0.43833111746651787        3.0041063143803846       0.23977866674874510        8.5545397113438740E-002
         128   2.2600000000000002       -1.4438423043387276       0.64321188964843745        2.0659721565944222       0.41825424956934792       0.18181252082721502     
         128   2.2500000000000000       -1.4642700456891742       0.67899380318777902        2.0176786506522655       0.46536887358778289       0.22326358286619144     
         128   2.2400000000000002       -1.4808598580496652       0.70320808977399551        1.7848133610596861       0.49672106017810957       0.25092476313039336     
         128   2.2300000000000000       -1.4957688563755580       0.70218321358816960        2.2641316273183305       0.50863518593502899       0.27339063041800266     
         128   2.2200000000000002       -1.5166365792410714       0.75381262642996649        1.5616398420731734       0.56930661266605764       0.32645142737700766     
         128   2.2100000000000000       -1.5316289707728794       0.76946883893694196        1.5094013118952951       0.59301055472535746       0.35376449309613872     
         128   2.2000000000000002       -1.5469214250837053       0.78596023646763391        1.4316767815013789       0.61833879841012618       0.38380544853377480     
         128   2.0000000000000000       -1.7454817173549106       0.91128091692243307       0.72882964453492605       0.83048010903937475       0.68985368589632823     
         128   1.8000000000000003       -1.8593216203962053       0.95685708182198659       0.43242384996164551       0.91558783659871135       0.83834632637554296     
         128   1.6000000000000001       -1.9283656529017856       0.97966038295200897       0.26136025409471125       0.95973867600091867       0.92111448153839048     
         128   1.4000000000000001       -1.9680368129185268       0.99137308175223215       0.14503619044336691       0.98282204276749063       0.96594488847460880     
         128   1.2000000000000002       -1.9885353480747767       0.99700895472935269        6.6713736946945157E-002  0.99402728310759580       0.98809193827671415     
         128   1.0000000000000000       -1.9971524832589285       0.99927371651785712        2.3326177142735105E-002  0.99854805632787091       0.99709860340470680     
         128  0.80000000000000004       -1.9996304234095983       0.99990692138671877        4.6056844780650854E-003  0.99981386296983277       0.99962780670340889     
         128  0.60000000000000009       -1.9999881417410714       0.99999703543526786        2.6796788006322453E-004  0.99999407124732220       0.99998814400159197     
         128  0.40000000000000013       -2.0000000000000000        1.0000000000000000        0.0000000000000000        1.0000000000000000        1.0000000000000000     
         128  0.20000000000000018       -2.0000000000000000        1.0000000000000000        0.0000000000000000        1.0000000000000000        1.0000000000000000     
