          16   5.0000000000000000      -0.42867633928571430        8.5864955357142864E-002   9.6394887295918177E-002   1.1494812011718749E-002   3.8759728680763927E-004
          16   4.7999999999999998      -0.44871651785714284        8.7670200892857139E-002  0.10818327127400447        1.1909620012555803E-002   4.0879924515528339E-004
          16   4.5999999999999996      -0.47184151785714284        9.0327008928571428E-002  0.12014876783062012        1.2678379603794643E-002   4.5970257690974647E-004
          16   4.4000000000000004      -0.49715736607142857        9.3617187500000004E-002  0.13411388262077817        1.3620413643973215E-002   5.3405662519591195E-004
          16   4.2000000000000002      -0.52509821428571424        9.8384486607142857E-002  0.15200230980147245        1.5119188581194196E-002   6.7250587977468962E-004
          16   4.0000000000000000      -0.55942633928571428       0.10639062500000000       0.17383321675701513        1.7719787597656252E-002   9.2753808040704050E-004
          16   3.7999999999999998      -0.59226339285714291       0.11016071428571429       0.19665094161625712        1.8935337611607143E-002   1.0426018929907254E-003
          16   3.5999999999999996      -0.63480022321428575       0.11500055803571428       0.22868904023270106        2.0624498639787946E-002   1.2447756254779440E-003
          16   3.3999999999999999      -0.68280133928571429       0.12868080357142858       0.26195625033101377        2.5664908272879466E-002   1.8821143428129810E-003
          16   3.2000000000000002      -0.74657142857142855       0.14836941964285713       0.33085846619897991        3.4253104073660716E-002   3.3669814839959143E-003
          16   3.0000000000000000      -0.81677678571428569       0.17402734375000001       0.40449758276644032        4.5850049700055802E-002   5.6119250115007164E-003
          16   2.7999999999999998      -0.90956919642857148       0.21259654017857144       0.52874011333168458        6.7390158517020085E-002   1.1557545276890908E-002
          16   2.5999999999999996       -1.0295279017857142       0.29080468749999999       0.78823366134638373       0.12174837820870536        3.3155819811991283E-002
          16   2.3999999999999999       -1.2546077008928571       0.51429559151785720        1.4152013848890792       0.32196538303920202       0.15634491566794792     
          16   2.3900000000000001       -1.2701529017857143       0.53283917410714288        1.4449102870575676       0.34120005057198660       0.17026248244781580     
          16   2.3800000000000003       -1.2803245535714285       0.54137622767857141        1.4711009043863776       0.35033969464983261       0.17754089972339571     
          16   2.3700000000000001       -1.2988222098214286       0.55977081473214285        1.4883367549219815       0.36952220589773993       0.19246868662767644     
          16   2.3600000000000003       -1.3121089285714285       0.57535100446428566        1.4940422994506766       0.38566100463867187       0.20443279749075216     
          16   2.3500000000000001       -1.3345905133928571       0.60251171874999998        1.5075929287648751       0.41421542619977680       0.22653703471113529     
          16   2.3400000000000003       -1.3431521205357142       0.60707460937500002        1.5354206142299360       0.42030296151297430       0.23279737250935287     
          16   2.3300000000000001       -1.3634034598214286       0.63023314732142854        1.5229320770992547       0.44534325910295758       0.25340904622253563     
          16   2.3200000000000003       -1.3718983258928572       0.63363755580357140        1.5697558152490965       0.45160535060337614       0.26107047623941410     
          16   2.3100000000000001       -1.3922176339285715       0.65925206473214282        1.5227700640855304       0.47812076633998324       0.28164998378415723     
          16   2.3000000000000003       -1.4114243303571428       0.68002633928571432        1.5046584604157900       0.50156505214146208       0.30211688796159414     
          16   2.2900000000000000       -1.4220243303571429       0.68447232142857140        1.5664628899742008       0.51141149989536827       0.31514015124924483     
          16   2.2800000000000002       -1.4355795758928571       0.69499587053571432        1.5294494920821207       0.52372979561941968       0.32702759572629420     
          16   2.2700000000000000       -1.4523801339285713       0.71310820312500001        1.4886894343204193       0.54510873195103238       0.34620169833933134     
          16   2.2600000000000002       -1.4636434151785713       0.72064525669642854        1.4952619001180034       0.55568240836007254       0.35781980686243625     
          16   2.2500000000000000       -1.4852424107142856       0.74364268973214287        1.4231899949710269       0.58287757175990518       0.38385435938917634     
          16   2.2400000000000002       -1.4912283482142856       0.74376428571428577        1.4589361920300983       0.58551604875837049       0.38903082104687181     
          16   2.2300000000000000       -1.5075117187500000       0.75741590401785719        1.4474878952179924       0.60349208592006143       0.40835207198387280     
          16   2.2200000000000002       -1.5240425223214287       0.77451177455357145        1.3432037936043566       0.62388353925432483       0.42777533711394561     
          16   2.2100000000000000       -1.5390678571428571       0.78763152901785716        1.2931048840281087       0.64125814862932473       0.44648419299985148     
          16   2.2000000000000002       -1.5470401785714285       0.78873426339285713        1.3185275562911332       0.64512256905691967       0.45373494075302567     
          16   2.0000000000000000       -1.7469561383928571       0.91250329241071426       0.71194174383848008       0.83533419058663505       0.70588793656253923     
          16   1.8000000000000003       -1.8584966517857142       0.95666127232142861       0.43638221913188358       0.91597538103376119       0.84173652304416258     
          16   1.6000000000000001       -1.9285256696428572       0.97969196428571426       0.25839598600421171       0.96006171526227679       0.92271511011890006     
          16   1.4000000000000001       -1.9676127232142857       0.99125167410714288       0.14884026821509996       0.98267492239815846       0.96601791635022627     
          16   1.2000000000000002       -1.9885424107142857       0.99701060267857144        6.6821952062036227E-002  0.99405748203822542       0.98825784211845269     
          16   1.0000000000000000       -1.9971584821428572       0.99927566964285719        2.3888355867370592E-002  0.99855814034598211       0.99714318492369991     
          16  0.80000000000000004       -1.9996238839285714       0.99990569196428569        4.7215954840140731E-003  0.99981213814871650       0.99962726857114048     
          16  0.60000000000000009       -1.9999866071428571       0.99999665178571429        2.9749149664187112E-004  0.99999332972935273       0.99998676327456326     
          16  0.40000000000000013       -2.0000000000000000        1.0000000000000000        0.0000000000000000        1.0000000000000000        1.0000000000000000     
          16  0.20000000000000018       -2.0000000000000000        1.0000000000000000        0.0000000000000000        1.0000000000000000        1.0000000000000000     
          32   5.0000000000000000      -0.42741936383928569        4.2032087053571428E-002   9.8165846170280707E-002   2.7948232378278461E-003   2.3627320069603490E-005
          32   4.7999999999999998      -0.44916210937500001        4.3281389508928569E-002  0.10668964962429442        2.9193690163748605E-003   2.5300489417402006E-005
          32   4.5999999999999996      -0.47202818080357145        4.5807477678571427E-002  0.11903044571953537        3.2837382725306920E-003   3.1267905075635231E-005
          32   4.4000000000000004      -0.49680552455357141        4.7325334821428575E-002  0.13214770947998694        3.4950855800083705E-003   3.5668519421181242E-005
          32   4.2000000000000002      -0.52515624999999999        4.9129603794642859E-002  0.15374185090702958        3.7739097050258092E-003   4.1802108771142752E-005
          32   4.0000000000000000      -0.55783119419642857        5.2775530133928571E-002  0.17019722930783487        4.3293236323765343E-003   5.4235885488326724E-005
          32   3.7999999999999998      -0.59297991071428569        5.5503487723214284E-002  0.19650971737379538        4.8580706460135325E-003   7.0959722678318415E-005
          32   3.5999999999999996      -0.63598772321428576        5.8542829241071431E-002  0.22669113116889786        5.3802743639264792E-003   8.5788330808489786E-005
          32   3.3999999999999999      -0.68579659598214282        6.3971679687500005E-002  0.27092216694812726        6.4301913125174390E-003   1.2469100524426072E-004
          32   3.2000000000000002      -0.74486523437499996        7.3270926339285711E-002  0.31969498296465776        8.4488351004464290E-003   2.1538345095385532E-004
          32   3.0000000000000000      -0.81690122767857143        8.4401785714285721E-002  0.39721567570152022        1.1202351706368583E-002   3.8035566504653875E-004
          32   2.7999999999999998      -0.90888504464285713       0.10856794084821429       0.53658598126432666        1.8561068671090263E-002   1.0462047518844234E-003
          32   2.5999999999999996       -1.0267145647321430       0.13363504464285714       0.68810852043408566        2.7860963548932756E-002   2.3096091067023477E-003
          32   2.3999999999999999       -1.2127670479910715       0.31293879743303571        1.3056048077376974       0.13641067420414515        3.7739759965252286E-002
          32   2.3900000000000001       -1.2257858258928571       0.33240362723214284        1.3502178530140525       0.15059253850664411        4.3626012334575769E-002
          32   2.3800000000000003       -1.2433729631696429       0.36648703962053569        1.4651141793233127       0.17704086878640310        5.6282057808953581E-002
          32   2.3700000000000001       -1.2550786272321428       0.37470121372767856        1.4981958782091929       0.18427801870618549        6.0025263750326852E-002
          32   2.3600000000000003       -1.2698726004464285       0.40156695033482143        1.5628371884548993       0.20631648556845528        7.1338350098475251E-002
          32   2.3500000000000001       -1.2899960658482144       0.43952582310267857        1.6976850897705915       0.23970511929648264        9.0424829596385300E-002
          32   2.3400000000000003       -1.3009898437500000       0.44789157366071430        1.7352217104877112       0.24870995625087194        9.6733878520729399E-002
          32   2.3300000000000001       -1.3161297712053572       0.46590424107142858        1.7807408132027136       0.26606361383710586       0.10786103544159788     
          32   2.3200000000000003       -1.3349729352678572       0.50065412946428567        1.8151977742122543       0.29621477399553570       0.12542534666851030     
          32   2.3100000000000001       -1.3529612723214286       0.52308099888392856        1.9204547221270731       0.32114547446114677       0.14388084212244098     
          32   2.3000000000000003       -1.3802901506696428       0.58125796595982138        1.8764593559516138       0.37689692865099228       0.17997166176866086     
          32   2.2900000000000000       -1.3934661830357142       0.59664154575892858        1.8966376271910843       0.39291488178798128       0.19234212486660149     
          32   2.2800000000000002       -1.4116092633928572       0.61978242187499999        1.9165912488845493       0.42178557995387483       0.21700620594821957     
          32   2.2700000000000000       -1.4302489955357143       0.65008731863839286        1.8659978595344930       0.45255552725110737       0.23989104590349297     
          32   2.2600000000000002       -1.4467311941964285       0.66876261160714290        1.8447595132038330       0.47689423037937712       0.26185691155576557     
          32   2.2500000000000000       -1.4645007533482144       0.69184220145089281        1.8119383506787858       0.50512756884438648       0.28757927103958758     
          32   2.2400000000000002       -1.4875351004464286       0.72565108816964285        1.6562622314091424       0.54464891820635120       0.32255888952822365     
          32   2.2300000000000000       -1.5005242187500001       0.73591217912946427        1.6366216646544880       0.56069107973916188       0.34049026867599219     
          32   2.2200000000000002       -1.5197479352678571       0.76236900111607142        1.4576812094027349       0.59152011707850860       0.36868653862449990     
          32   2.2100000000000000       -1.5330972935267857       0.77380079520089284        1.4275405972220141       0.60918210920606342       0.38909960034117780     
          32   2.2000000000000002       -1.5464473493303572       0.78476275111607141        1.4120861547634231       0.62487391755240307       0.40725507359975038     
          32   2.0000000000000000       -1.7450479073660714       0.91100842633928569       0.72890963901284067       0.83068876773289269       0.69246324128421732     
          32   1.8000000000000003       -1.8607720424107144       0.95750418526785719       0.43282430907384178       0.91700301470075329       0.84158005085684373     
          32   1.6000000000000001       -1.9282924107142858       0.97963016183035712       0.27144962232927833       0.95974440029689245       0.92137334098938506     
          32   1.4000000000000001       -1.9680633370535714       0.99137039620535716       0.14704035586581601       0.98283869743347163       0.96606369726883812     
          32   1.2000000000000002       -1.9885145089285714       0.99699804687500004        6.7220113201453061E-002  0.99401203101021907       0.98808737985094819     
          32   1.0000000000000000       -1.9971347656250000       0.99926869419642861        2.3918179129395867E-002  0.99853949138096398       0.99708736469870407     
          32  0.80000000000000004       -1.9996157924107143       0.99990332031249995        4.9204140175618241E-003  0.99980684634617401       0.99961451370705512     
          32  0.60000000000000009       -1.9999916294642857       0.99999790736607141        1.8581260721677807E-004  0.99999581881931854       0.99999165395542411     
          32  0.40000000000000013       -2.0000000000000000        1.0000000000000000        0.0000000000000000        1.0000000000000000        1.0000000000000000     
          32  0.20000000000000018       -2.0000000000000000        1.0000000000000000        0.0000000000000000        1.0000000000000000        1.0000000000000000     
          64   5.0000000000000000      -0.42878906249999998        2.1307756696428572E-002   9.8026656250003730E-002   7.1532174519130167E-004   1.5222320181627376E-006
          64   4.7999999999999998      -0.44869147600446430        2.1872349330357144E-002  0.10941929505276567        7.4946815626961844E-004   1.6943335258880715E-006
          64   4.5999999999999996      -0.47179324776785714        2.2600620814732141E-002  0.11990846060807737        8.0062673773084367E-004   1.9100933605703371E-006
          64   4.4000000000000004      -0.49673451450892858        2.3774239676339286E-002  0.13534327082305869        8.7818307535988949E-004   2.2692224742927789E-006
          64   4.2000000000000002      -0.52487018694196430        2.4484933035714286E-002  0.14959107149070816        9.4436274256025040E-004   2.7412233478522856E-006
          64   4.0000000000000000      -0.55668184988839287        2.5627790178571429E-002  0.17131515156523847        1.0328207015991211E-003   3.1791418992627638E-006
          64   3.7999999999999998      -0.59440618024553571        2.7860072544642858E-002  0.19159329568644071        1.1992697375161306E-003   4.0434520759374336E-006
          64   3.5999999999999996      -0.63688657924107139        2.9149065290178570E-002  0.22973732948293626        1.3510369232722691E-003   5.6466616640347770E-006
          64   3.3999999999999999      -0.68605629185267858        3.2214320591517860E-002  0.26948074299400915        1.6257930312837874E-003   7.9230105499448206E-006
          64   3.2000000000000002      -0.74510546875000006        3.7015869140624998E-002  0.32116197814935349        2.1666240181241717E-003   1.4015192259198069E-005
          64   3.0000000000000000      -0.81810721261160713        4.3221540178571431E-002  0.39483784583823461        2.9233447824205672E-003   2.5462811462546142E-005
          64   2.7999999999999998      -0.90862241908482144        5.3459542410714288E-002  0.51401068717449550        4.4242642266409740E-003   5.8293757917307893E-005
          64   2.5999999999999996       -1.0282303989955357        7.7868687220982141E-002  0.70225072973610070        9.2469563654490883E-003   2.2728130301110484E-004
          64   2.3999999999999999       -1.2036062569754464       0.15742536621093750        1.1378883035171663        3.7951631040232525E-002   3.9296258749551820E-003
          64   2.3900000000000001       -1.2160127929687501       0.17685104282924108        1.1845656120818719        4.6289159800325122E-002   5.2741968142745333E-003
          64   2.3800000000000003       -1.2278582798549107       0.17757549525669644        1.1966527455385605        4.6969957705906458E-002   5.4348976000413406E-003
          64   2.3700000000000001       -1.2411412318638393       0.20329228515625000        1.2730031727528879        5.9891799521446229E-002   8.3346336521683030E-003
          64   2.3600000000000003       -1.2537587960379464       0.21643915318080356        1.3420554793164028        6.7217082217761445E-002   1.0335818122322206E-002
          64   2.3500000000000001       -1.2666119280133930       0.23815377720424108        1.4775440781378175        8.1699146970680786E-002   1.4932554347203083E-002
          64   2.3400000000000003       -1.2823017508370536       0.25426384626116072        1.5652440276747237        9.3659493718828479E-002   1.9552902919079958E-002
          64   2.3300000000000001       -1.2959142926897322       0.27848954031808038        1.6259141104627166       0.10805799575362887        2.3775001587759286E-002
          64   2.3200000000000003       -1.3151620186941964       0.33312509068080359        1.8964649418022832       0.14724530858993531        3.9854489070497032E-002
          64   2.3100000000000001       -1.3323190080915179       0.36414804687500002        1.8870614775576489       0.17239448991503034        5.0703999506639418E-002
          64   2.3000000000000003       -1.3546016252790178       0.42155020577566965        2.1645961510485110       0.21837843742540905        7.3296079652669016E-002
          64   2.2900000000000000       -1.3761825055803572       0.48048731863839284        2.2100605355590095       0.26864486442293439        9.9513559622375736E-002
          64   2.2800000000000002       -1.4004159109933036       0.55271253138950893        2.1523017295283693       0.33455418931245806       0.13683774487231376     
          64   2.2700000000000000       -1.4191591308593750       0.58345411900111610        2.2671631071262301       0.36884061285257341       0.16314645017517099     
          64   2.2600000000000002       -1.4444294154575892       0.64900686732700896        2.0625807195949655       0.43743798205001011       0.21106286486933995     
          64   2.2500000000000000       -1.4616915666852679       0.67059317452566969        1.9734071303143907       0.46561571828126908       0.23570742885995585     
          64   2.2400000000000002       -1.4853151227678572       0.71765302734375003        1.6604660249391094       0.52115138331821986       0.28228496935436376     
          64   2.2300000000000000       -1.5009429966517858       0.73555717773437501        1.6308171573673249       0.54633372067383357       0.30818753888279010     
          64   2.2200000000000002       -1.5172656040736607       0.75647326311383933        1.5262517231119253       0.57601850729329240       0.33926806966440198     
          64   2.2100000000000000       -1.5337165876116072       0.77157116350446431        1.5095189809693763       0.59937202615397323       0.36690702378065393     
          64   2.2000000000000002       -1.5445802246093749       0.77874669712611611        1.4439917637668076       0.61014484267405100       0.37953828320267408     
          64   2.0000000000000000       -1.7456695521763392       0.91128331821986608       0.72734287901766947       0.83062940144027986       0.69057749622501863     
          64   1.8000000000000003       -1.8597470703125001       0.95703187779017862       0.44177291270494190       0.91595938672338217       0.83916198678668830     
          64   1.6000000000000001       -1.9283534458705358       0.97965115792410717       0.26489964991185383       0.95973322330202371       0.92115239543969918     
          64   1.4000000000000001       -1.9682121233258929       0.99143104771205359       0.14213082682656428       0.98294114778723041       0.96619539928592535     
          64   1.2000000000000002       -1.9884824916294643       0.99699595424107146        6.8919829629976434E-002  0.99400269722938539       0.98804837268292778     
          64   1.0000000000000000       -1.9971755022321429       0.99927999441964288        2.3133249680540757E-002  0.99856088583809988       0.99712535404728964     
          64  0.80000000000000004       -1.9996028878348213       0.99989993722098214        4.9630223827534783E-003  0.99979993430205749       0.99960010787684084     
          64  0.60000000000000009       -1.9999868861607142       0.99999672154017860        2.9566238784658094E-004  0.99999344471522744       0.99998689596660972     
          64  0.40000000000000013       -2.0000000000000000        1.0000000000000000        0.0000000000000000        1.0000000000000000        1.0000000000000000     
          64  0.20000000000000018       -2.0000000000000000        1.0000000000000000        0.0000000000000000        1.0000000000000000        1.0000000000000000     
         128   5.0000000000000000      -0.42839765276227676        1.0566301618303572E-002   9.7493286984827135E-002   1.7429066555840628E-004   8.8367724513371825E-008
         128   4.7999999999999998      -0.44868713378906250        1.0739990234375000E-002  0.10404512893585781        1.8164068673338208E-004   9.9040017321178854E-008
         128   4.5999999999999996      -0.47129103306361608        1.1401306152343750E-002  0.11947977703337338        2.0167894129242216E-004   1.1836554870160919E-007
         128   4.4000000000000004      -0.49677554757254466        1.1806134905133929E-002  0.13520709236518141        2.1735907239573343E-004   1.3849250737561571E-007
         128   4.2000000000000002      -0.52508393205915183        1.2100446428571429E-002  0.15654265224248173        2.3116929829120636E-004   1.6461064274480337E-007
         128   4.0000000000000000      -0.55740959821428571        1.2921901157924107E-002  0.16810304564933176        2.6199671093906675E-004   2.0675573638290995E-007
         128   3.7999999999999998      -0.59418763950892861        1.3769958496093750E-002  0.19829382525854283        2.9576668675456726E-004   2.5629973151270705E-007
         128   3.5999999999999996      -0.63660083007812496        1.4802280970982143E-002  0.22190833764998841        3.4499019810131616E-004   3.5244407260170976E-007
         128   3.3999999999999999      -0.68607231794084822        1.5961364746093751E-002  0.27474298636578448        3.9683932385274341E-004   4.6585012797590545E-007
         128   3.2000000000000002      -0.74476527622767852        1.7634129115513392E-002  0.32592528187507236        4.9282838510615482E-004   7.3998255498898745E-007
         128   3.0000000000000000      -0.81761519949776784        2.0752982003348214E-002  0.40193924813764981        6.7406636476516726E-004   1.3432126693733488E-006
         128   2.7999999999999998      -0.90775971330915184        2.6485935756138394E-002  0.50591775983664378        1.1062195907746042E-003   3.6921238126677819E-006
         128   2.5999999999999996       -1.0278895612444197        3.8211155482700890E-002  0.71785348605373800        2.2419901735016277E-003   1.3566647974627746E-005
         128   2.3999999999999999       -1.2037494733537946        7.5542031424386161E-002   1.1235847298627910        8.8150586623166292E-003   2.2317500130256354E-004
         128   2.3900000000000001       -1.2158437046595982        8.2941765485491065E-002   1.1542844468417859        1.0699803559907845E-002   3.2271550128274568E-004
         128   2.3800000000000003       -1.2276728707449778        8.9748810686383934E-002   1.2272240447964871        1.2623937176806587E-002   4.7853959058652456E-004
         128   2.3700000000000001       -1.2395454467773437       0.10421279296875000        1.2628467107730115        1.6490891665220261E-002   7.4606660310267076E-004
         128   2.3600000000000003       -1.2525400791713170       0.10496164463588170        1.3128834994789560        1.6713636114874055E-002   7.5872741360277925E-004
         128   2.3500000000000001       -1.2651336199079242       0.11661900634765625        1.3923413557320981        2.1851857376524380E-002   1.4919137020529324E-003
         128   2.3400000000000003       -1.2794125122070312       0.13826089651925222        1.4012897497960326        2.8124617897080522E-002   1.9159825587222931E-003
         128   2.3300000000000001       -1.2930894548688616       0.14645608694893975        1.4911060965243026        3.0742102960710015E-002   2.2310895255027688E-003
         128   2.3200000000000003       -1.3079419660295759       0.17582231968470982        1.6295505119045046        4.4463474668775288E-002   4.5078577471696427E-003
         128   2.3100000000000001       -1.3267388009207590       0.21881021554129465        1.8494539136258106        6.7787249646868025E-002   1.0073841811918643E-002
         128   2.3000000000000003       -1.3448125261579240       0.24649222237723215        1.9052897670050930        8.7580963974126749E-002   1.6406358137666839E-002
         128   2.2900000000000000       -1.3638185232979911       0.30639574584960938        2.0791814731171874       0.12198555380904248        2.7027397162080448E-002
         128   2.2800000000000002       -1.3974034545898437       0.49531742815290181        2.6156599436027759       0.27156718294982402        9.2022609158982790E-002
         128   2.2700000000000000       -1.4141361816406250       0.49910043247767855        2.8078885628730106       0.28950741305436406       0.10981631770413319     
         128   2.2600000000000002       -1.4383191911969866       0.59704196515764507        2.4360559736163641       0.37140174996139746       0.15483297074886879     
         128   2.2500000000000000       -1.4642105957031251       0.67858448573521202        2.0224536440441567       0.46462554662962047       0.22250528489495427     
         128   2.2400000000000002       -1.4819478044782366       0.70539349975585941        1.9042555759941193       0.50055751887847266       0.25583123097687327     
         128   2.2300000000000000       -1.5002650460379465       0.73044653145926342        1.7851448145321815       0.53739436352210390       0.29463910088357387     
         128   2.2200000000000002       -1.5155140345982143       0.75028635253906251        1.6054785787315227       0.56421662519829618       0.32107350571160920     
         128   2.2100000000000000       -1.5315543334960937       0.76897241210937495        1.5217900927221770       0.59217724782398773       0.35264281841800355     
         128   2.2000000000000002       -1.5466262329101563       0.78506705758231021        1.4092075211521642       0.61693511641227772       0.38206660476624121     
         128   2.0000000000000000       -1.7456312761579240       0.91133145926339287       0.72848410756159865       0.83057300798616240       0.69001055410208434     
         128   1.8000000000000003       -1.8590349121093750       0.95674346051897319       0.44129317271811325       0.91537062334801467       0.83794938419020804     
         128   1.6000000000000001       -1.9282795933314731       0.97963351004464283       0.25982637556580807       0.95968596825855124       0.92101309983287660     
         128   1.4000000000000001       -1.9680604422433037       0.99138213239397321       0.13826937911846690       0.98283990838059354       0.96597969394699179     
         128   1.2000000000000002       -1.9886108572823660       0.99702972412109370        6.6645125131496244E-002  0.99406869855203794       0.98817427806931446     
         128   1.0000000000000000       -1.9971205008370536       0.99926541573660710        2.3900834639789537E-002  0.99853146920033864       0.99706548679816664     
         128  0.80000000000000004       -1.9996318184988839       0.99990723528180803        4.5886544285167466E-003  0.99981449067273309       0.99962906176005617     
         128  0.60000000000000009       -1.9999854213169643       0.99999634660993308        3.2476105439450790E-004  0.99999269368286647       0.99998538921749158     
         128  0.40000000000000013       -1.9999999651227678       0.99999999128069195        1.7437741917092340E-006  0.99999998256244826       0.99999996512915357     
         128  0.20000000000000018       -2.0000000000000000        1.0000000000000000        0.0000000000000000        1.0000000000000000        1.0000000000000000     
