          16   5.0000000000000000      -0.42844196428571429        8.3430803571428569E-002   9.7676614081632640E-002   1.0917698451450892E-002   3.5959434988243241E-004
          16   4.7999999999999998      -0.44818750000000002        8.7313616071428568E-002  0.10884564422123008        1.1972882952008929E-002   4.1981754984174457E-004
          16   4.5999999999999996      -0.47109486607142859        8.9891741071428569E-002  0.11969806996197564        1.2574271065848214E-002   4.6757050497191291E-004
          16   4.4000000000000004      -0.49824107142857144        9.2025669642857147E-002  0.13340848846770076        1.3284859793526786E-002   5.2113486932856695E-004
          16   4.2000000000000002      -0.52308035714285717        9.7971540178571431E-002  0.14897166689805147        1.5054517473493303E-002   6.7247827484139379E-004
          16   4.0000000000000000      -0.55657589285714282       0.10128125000000000       0.17016280963010288        1.5875758579799108E-002   7.0659921371511052E-004
          16   3.7999999999999998      -0.59562388392857146       0.11175613839285714       0.19518254103450564        1.9378465924944195E-002   1.0661977015967879E-003
          16   3.5999999999999996      -0.63581473214285711       0.11814508928571428       0.22464627966348674        2.1605590820312499E-002   1.3612580437745367E-003
          16   3.3999999999999999      -0.68494754464285712       0.12838560267857144       0.26893822688082675        2.5556374686104912E-002   1.9053091553172894E-003
          16   3.2000000000000002      -0.74674330357142860       0.14946205357142858       0.32947030440350072        3.5162144252232144E-002   3.6505116266863685E-003
          16   3.0000000000000000      -0.82181361607142855       0.17446205357142858       0.39778114282171373        4.5887747628348213E-002   5.5551520554082733E-003
          16   2.7999999999999998      -0.90120200892857139       0.20452511160714285       0.50822917497754949        6.2441480364118306E-002   9.7015209977648082E-003
          16   2.5999999999999996       -1.0357700892857142       0.30894084821428569       0.81611791582387183       0.13507296316964285        3.9024479913924423E-002
          16   2.5000000000000000       -1.1332979910714285       0.39816796874999999        1.0156474885204170       0.20739436994280133        7.6017328716548427E-002
          16   2.4900000000000002       -1.1538046875000001       0.42127790178571428        1.1106878089667784       0.22940691266741070        9.0783277977790150E-002
          16   2.4800000000000000       -1.1529386160714286       0.41548995535714284        1.0841514720939860       0.22443027169363838        8.7581043690975219E-002
          16   2.4700000000000002       -1.1594151785714286       0.42358314732142860        1.0851161797473063       0.22872549438476564        8.8461887765941868E-002
          16   2.4600000000000000       -1.2030323660714286       0.48797098214285717        1.2707018066713751       0.29119872174944195       0.12946194461467012     
          16   2.4500000000000002       -1.1930825892857142       0.45608705357142859        1.2991602136439833       0.26641269356863839       0.11652996099048427     
          16   2.4399999999999999       -1.2032075892857144       0.46264174107142858        1.2840547322336893       0.27014698137555804       0.11918257935398391     
          16   2.4300000000000002       -1.2263426339285715       0.50215290178571426        1.2899117893073728       0.30563689313616071       0.14048486672980445     
          16   2.4199999999999999       -1.2182667410714285       0.47902343749999998        1.3248155924109482       0.28439757428850448       0.12803493920979755     
          16   2.4100000000000001       -1.2403995535714285       0.50162388392857138        1.3267068261723947       0.30721700613839287       0.14371261593380144     
          16   2.3999999999999999       -1.2593147321428571       0.52293470982142853        1.4208632438261957       0.33008547101702007       0.16175132351501711     
          16   2.3900000000000001       -1.2561093750000001       0.51258482142857142        1.4082524581277192       0.31858986118861610       0.15370283134920257     
          16   2.3799999999999999       -1.2844575892857142       0.54243415178571430        1.5462645211896362       0.35317033168247769       0.18215278894188150     
          16   2.3700000000000001       -1.2922321428571428       0.54834486607142852        1.4580216827424286       0.35792359270368301       0.18313722865975329     
          16   2.3599999999999999       -1.3112332589285713       0.57725167410714284        1.4777422012293353       0.38664915684291296       0.20401722784366991     
          16   2.3500000000000001       -1.3528169642857142       0.62383928571428571        1.4687316164854471       0.43637213134765623       0.24328187751184616     
          16   2.3399999999999999       -1.3355636160714286       0.58599497767857145        1.6183940572140207       0.40387874494280135       0.22514214042760433     
          16   2.3300000000000001       -1.3592600446428571       0.62084654017857144        1.5450070145542918       0.43997393362862725       0.25188023924641312     
          16   2.3199999999999998       -1.3614330357142856       0.62251785714285712        1.5539147423423971       0.43782039969308034       0.24832154906221798     
          16   2.3100000000000001       -1.3956026785714286       0.66940792410714289        1.4481141686449015       0.48725166974748885       0.28623631976943997     
          16   2.2999999999999998       -1.3835189732142856       0.62942410714285713        1.6314115070189290       0.45214443533761162       0.26731791954008594     
          16   2.2900000000000000       -1.4346997767857144       0.70189676339285711        1.4699013375551431       0.53093928309849325       0.33096118829745269     
          16   2.2799999999999998       -1.4512165178571428       0.71923102678571427        1.4426529726474104       0.54911827741350450       0.34655225989488619     
          16   2.2700000000000000       -1.4590212053571427       0.71798995535714283        1.5328152786141844       0.55406708635602675       0.35685791206466300     
          16   2.2599999999999998       -1.4734787946428571       0.73361328125000003        1.3761396726501800       0.56889233834402897       0.36813925007118709     
          16   2.2500000000000000       -1.4744006696428571       0.72279352678571429        1.4860458573318205       0.55948844691685273       0.36457101529677000     
          16   2.2400000000000002       -1.4986216517857143       0.75098493303571423        1.4623685834408993       0.59397315761021208       0.39776695299867010     
          16   2.2300000000000000       -1.4973303571428571       0.75172321428571431        1.4202794411013768       0.59218747384207593       0.39286301817478880     
          16   2.2199999999999998       -1.5094776785714286       0.75448437499999998        1.4570135369097825       0.59802501569475441       0.40300380642552464     
          16   2.2100000000000000       -1.5286562500000000       0.77020591517857140        1.4953133418351616       0.62343537684849326       0.43403421863940145     
          16   2.2000000000000002       -1.5412857142857144       0.77979631696428575        1.4502421846010978       0.63586114065987720       0.44597688178638262     
          16   2.1899999999999999       -1.5717957589285714       0.81557198660714281        1.1099697819290191       0.67920264979771205       0.48814432829378973     
          16   2.1800000000000002       -1.5690758928571429       0.80656305803571426        1.2668883745527355       0.66866617693219865       0.48054816155907298     
          16   2.1699999999999999       -1.5806406250000000       0.81652566964285711        1.1716862009780959       0.68181750488281245       0.49346430961149079     
          16   2.1600000000000001       -1.6016618303571428       0.83045926339285714        1.1514361135360391       0.70611087908063619       0.52561552840923620     
          16   2.1499999999999999       -1.6042421874999999       0.83008203125000002        1.1287029943792071       0.70314012363978795       0.52180509348240278     
          16   2.1400000000000001       -1.6292924107142857       0.85117187500000002        1.0324820251546092       0.73412200927734372       0.55946065056483663     
          16   2.1299999999999999       -1.6449854910714286       0.86587555803571425       0.89815956372877859       0.75467446027483254       0.58302154979029941     
          16   2.1200000000000001       -1.6473526785714285       0.86352176339285713       0.89857508731955837       0.75158640398297993       0.58040747086996480     
          16   2.1099999999999999       -1.6491685267857144       0.85976506696428567        1.0094868506646819       0.74803019932338166       0.57979883391596376     
          16   2.1000000000000001       -1.6535602678571428       0.86406249999999996       0.96066481992457675       0.75336724853515624       0.58475699091117295     
          16   2.0899999999999999       -1.6717142857142857       0.87476729910714290       0.92783528681269767       0.77144706072126112       0.61075026944625588     
          16   2.0800000000000001       -1.6774654017857142       0.87390792410714291       0.95290464539672015       0.77192171369280138       0.61419139910462717     
          16   2.0699999999999998       -1.6907533482142858       0.88413783482142860       0.86239724647383154       0.78687248447963165       0.63268592886280806     
          16   2.0600000000000001       -1.7025468749999999       0.89060156250000000       0.81126456184441609       0.79755685860770087       0.64823049926385279     
          16   2.0499999999999998       -1.7074285714285715       0.89412220982142854       0.79608858186937714       0.80307996913364954       0.65537201272563206     
          16   2.0400000000000000       -1.7114486607142858       0.89272154017857142       0.86294400082336165       0.80215764072963169       0.65714169433260605     
          16   2.0299999999999998       -1.7237633928571428       0.89981640625000003       0.82353142963124881       0.81437260654994414       0.67542134945919474     
          16   2.0200000000000000       -1.7333839285714285       0.90606752232142862       0.73836606905286939       0.82430916486467631       0.68895133386099983     
          16   2.0099999999999998       -1.7326540178571428       0.90433035714285714       0.79525763121395077       0.82162595040457587       0.68567817102851614     
          16   2.0000000000000000       -1.7476060267857143       0.91230859374999995       0.70190887874682062       0.83528543090820317       0.70640391197454722     
          16   1.8000000000000000       -1.8588125000000000       0.95688560267857148       0.42127405202821999       0.91639376831054686       0.84245362368252663     
          16   1.6000000000000001       -1.9279531249999999       0.97948939732142859       0.26793301130023645       0.95967268153599328       0.92199736457557546     
          16   1.3999999999999999       -1.9681328124999999       0.99139676339285709       0.14222202191147018       0.98295802089146200       0.96655714085032896     
          16   1.2000000000000000       -1.9887031250000000       0.99704575892857139        6.6548220486121565E-002  0.99412857491629469       0.98840273482246055     
          16   1.0000000000000000       -1.9972410714285713       0.99929854910714289        2.2738908163432825E-002  0.99860348510742192       0.99723225497906764     
          16  0.80000000000000004       -1.9995982142857143       0.99989955357142857        5.0693558673486896E-003  0.99979990931919638       0.99960300124117307     
          16  0.59999999999999987       -1.9999888392857144       0.99999720982142859        2.4792729568111517E-004  0.99999444144112726       0.99998896939546933     
          16  0.39999999999999991       -2.0000000000000000        1.0000000000000000        0.0000000000000000        1.0000000000000000        1.0000000000000000     
          16  0.19999999999999996       -2.0000000000000000        1.0000000000000000        0.0000000000000000        1.0000000000000000        1.0000000000000000     
          32   5.0000000000000000      -0.42899414062500002        4.2230189732142855E-002   9.7738031808034975E-002   2.7895262581961494E-003   2.3162829471402801E-005
          32   4.7999999999999998      -0.44871261160714287        4.3735491071428573E-002  0.10723552194885017        2.9934240068708149E-003   2.6970898813617949E-005
          32   4.5999999999999996      -0.47101618303571430        4.5186383928571432E-002  0.11978347790823485        3.1969822474888394E-003   3.0945523222076840E-005
          32   4.4000000000000004      -0.49670117187500001        4.7130580357142855E-002  0.13689183771883218        3.4887853349958148E-003   3.6092469350218643E-005
          32   4.2000000000000002      -0.52459486607142858        4.9290318080357144E-002  0.15058492562415832        3.8230560847691128E-003   4.3601428421555154E-005
          32   4.0000000000000000      -0.55795200892857144        5.2608956473214286E-002  0.17416616509885330        4.2954921722412106E-003   5.3589777485675380E-005
          32   3.7999999999999998      -0.59340122767857140        5.4727260044642859E-002  0.20019572931536037        4.7412172045026508E-003   6.8688121236586339E-005
          32   3.5999999999999996      -0.63603013392857144        5.9487165178571430E-002  0.22900398606780911        5.5438499450683595E-003   9.2035528760918943E-005
          32   3.3999999999999999      -0.68711523437499999        6.7843749999999994E-002  0.26595723095534457        7.1628537859235487E-003   1.4850017963077074E-004
          32   3.2000000000000002      -0.74466685267857147        7.1845284598214279E-002  0.32448446315842533        8.0461630140032086E-003   1.8413276320435607E-004
          32   3.0000000000000000      -0.81588253348214290        8.4511300223214292E-002  0.39528340128082262        1.1214830943516323E-002   3.6727415082298518E-004
          32   2.7999999999999998      -0.90948577008928566       0.10277315848214286       0.52172617275966116        1.6613267626081195E-002   8.1290281036178517E-004
          32   2.5999999999999996       -1.0323922991071428       0.17205887276785714       0.75491645931767193        4.4427185603550502E-002   5.3210549264560017E-003
          32   2.5000000000000000       -1.1056049107142858       0.18793624441964285       0.88920053387751974        5.3401267187935968E-002   7.5412706544915895E-003
          32   2.4900000000000002       -1.1146300223214285       0.20708649553571429       0.88013609386937786        6.4277225494384763E-002   1.0260581388959378E-002
          32   2.4800000000000000       -1.1262126116071429       0.20936021205357142       0.92248625478274726        6.5437708173479353E-002   1.0318457735432145E-002
          32   2.4700000000000002       -1.1387047991071428       0.24557087053571428        1.0734271431828957        8.8817349025181361E-002   1.8426582466715316E-002
          32   2.4600000000000000       -1.1467271205357144       0.25080831473214288       0.98683095020363398        8.9921374729701450E-002   1.7683074999983155E-002
          32   2.4500000000000002       -1.1532413504464285       0.23962918526785715        1.0549818861481173        8.5713741302490237E-002   1.8297357682993086E-002
          32   2.4399999999999999       -1.1725937500000001       0.26038364955357141        1.1295506710225403       0.10090887723650251        2.3988450911330540E-002
          32   2.4300000000000002       -1.1767357700892858       0.26480440848214287        1.1557511433856846       0.10227665546962193        2.4111498464304271E-002
          32   2.4199999999999999       -1.1910485491071428       0.28947014508928570        1.1970970642596790       0.11531125150408064        2.7176936507609623E-002
          32   2.4100000000000001       -1.2026897321428571       0.31448102678571427        1.2857217743763261       0.13523699515206472        3.6058006107732320E-002
          32   2.3999999999999999       -1.2157840401785713       0.32343903459821427        1.2146958691517620       0.13831260381426130        3.5866916339492100E-002
          32   2.3900000000000001       -1.2221436941964285       0.32458286830357141        1.3364752563474998       0.14241820853097098        3.9553445684968859E-002
          32   2.3799999999999999       -1.2470033482142857       0.37779910714285714        1.4425289980188014       0.18390415518624442        5.8299089586237515E-002
          32   2.3700000000000001       -1.2689676339285714       0.42288183593750001        1.5029270210327419       0.21957711601257324        7.5394638499666017E-002
          32   2.3599999999999999       -1.2818657924107142       0.43525697544642855        1.5794212351695311       0.23523969650268556        8.6875398898732137E-002
          32   2.3500000000000001       -1.2871043526785715       0.44024748883928572        1.6639874169099256       0.23840519877842495        8.9570416442295284E-002
          32   2.3399999999999999       -1.2991208147321429       0.44583886718749999        1.6651574142413790       0.24482774761744908        9.2515678231935974E-002
          32   2.3300000000000001       -1.3290376674107143       0.50536258370535714        1.8567668836438909       0.30423715128217427       0.13151869397198504     
          32   2.3199999999999998       -1.3188186383928571       0.46730217633928572        1.8716019534544659       0.26363801029750278       0.10502014186066559     
          32   2.3100000000000001       -1.3596224888392856       0.55665848214285718        1.8493310059861776       0.34774776077270508       0.15768405791432971     
          32   2.2999999999999998       -1.3779570312500000       0.56972586495535715        1.9467495345834447       0.36803698158264159       0.17697003282692977     
          32   2.2900000000000000       -1.4027159598214285       0.61963685825892856        1.8593852770378014       0.41640633092607771       0.20882114634909937     
          32   2.2799999999999998       -1.3991037946428571       0.58602287946428566        1.9069751276983102       0.38480240249633790       0.19038326201775635     
          32   2.2700000000000000       -1.4070424107142858       0.59157338169642859        1.8522752543544481       0.39125433894566125       0.19381722517171043     
          32   2.2599999999999998       -1.4340128348214285       0.62485239955357141        2.0206169606971516       0.43060234287806920       0.23037280289332765     
          32   2.2500000000000000       -1.4769534040178571       0.72519210379464283        1.5260883597726251       0.53792443275451662       0.31017529513144626     
          32   2.2400000000000002       -1.4971088169642857       0.74953976004464284        1.3621985076180883       0.57022472572326666       0.34148055118323101     
          32   2.2300000000000000       -1.4895652901785714       0.71344210379464290        1.8296446330310010       0.53580097934177939       0.32109783012642273     
          32   2.2199999999999998       -1.5103325892857142       0.74686300223214286        1.6294962319600270       0.57035594504220144       0.34803402342419054     
          32   2.2100000000000000       -1.5257935267857143       0.76568861607142857        1.4254643762308299       0.59495722852434429       0.37128723860025226     
          32   2.2000000000000002       -1.5503822544642858       0.79683510044642858        1.2643696354122449       0.63980876214163640       0.42045411014234457     
          32   2.1899999999999999       -1.5647081473214286       0.81084584263392856        1.1893429987517856       0.66076304653712681       0.44485129245547017     
          32   2.1800000000000002       -1.5736941964285713       0.80490890066964282        1.3238394639272590       0.65667483002798899       0.44742829913604509     
          32   2.1699999999999999       -1.5911676897321430       0.82596749441964290        1.1963332883153843       0.68626151629856658       0.48058718155525382     
          32   2.1600000000000001       -1.6015552455357143       0.83381808035714289        1.0954082118597803       0.69805499921526226       0.49456042538811951     
          32   2.1499999999999999       -1.6061350446428571       0.82381236049107143        1.3119718852441633       0.68829376193455283       0.49092243580758699     
          32   2.1400000000000001       -1.6191609933035713       0.84338992745535712        1.0845524804483870       0.71389269065856931       0.51651762562590320     
          32   2.1299999999999999       -1.6359813058035715       0.85494098772321425        1.0603301044916198       0.73361924770900178       0.54505519153568660     
          32   2.1200000000000001       -1.6381233258928571       0.85478850446428567       0.98150613159583344       0.73272608893258229       0.54255762342623248     
          32   2.1099999999999999       -1.6528716517857143       0.86357463727678574        1.0298897645297782       0.74795310020446781       0.56546682841371620     
          32   2.1000000000000001       -1.6648730468749999       0.87149818638392862       0.96117949579395712       0.76117039353506910       0.58420331648438562     
          32   2.0899999999999999       -1.6744891183035715       0.87719112723214288       0.88357800101793760       0.77089304460797992       0.59847426266549153     
          32   2.0800000000000001       -1.6819966517857143       0.87937095424107148       0.90504191193735184       0.77474313163757325       0.60452942289055811     
          32   2.0699999999999998       -1.6922240513392857       0.88720145089285718       0.82446533961614954       0.78818912778581895       0.62447332825392576     
          32   2.0600000000000001       -1.6991130022321428       0.89016880580357138       0.81224697715192984       0.79341285542079376       0.63262017543532212     
          32   2.0499999999999998       -1.7026696428571428       0.88870842633928571       0.89272588473819114       0.79139605549403602       0.63097153666595740     
          32   2.0400000000000000       -1.7188158482142857       0.89948005022321431       0.77151817191345629       0.80997892897469659       0.65892553002376997     
          32   2.0299999999999998       -1.7199737723214286       0.89659026227678573       0.82887415610306603       0.80553686877659392       0.65360884785627738     
          32   2.0200000000000000       -1.7306367187500000       0.90416810825892857       0.75600412566775654       0.81839514296395433       0.67254060835421736     
          32   2.0099999999999998       -1.7393303571428571       0.90922628348214285       0.70946356841544811       0.82737627519880019       0.68675923032891506     
          32   2.0000000000000000       -1.7464260602678572       0.91193233816964281       0.73378171873002884       0.83234829630170548       0.69515885283798917     
          32   1.8000000000000000       -1.8598119419642858       0.95716713169642853       0.43001158499851883       0.91635633523123605       0.84039030465554343     
          32   1.6000000000000001       -1.9280106026785715       0.97950376674107142       0.27314888778988683       0.95949885804312574       0.92090968686555219     
          32   1.3999999999999999       -1.9676222098214287       0.99126715959821432       0.14560804075741471       0.98263376263209756       0.96565986248639923     
          32   1.2000000000000000       -1.9885119977678571       0.99699874441964287        6.6862093818384788E-002  0.99401340239388603       0.98809002749107877     
          32   1.0000000000000000       -1.9971409040178572       0.99926994977678574        2.3286749919861904E-002  0.99854196630205427       0.99709217073579726     
          32  0.80000000000000004       -1.9995823102678572       0.99989481026785709        5.2541293392494018E-003  0.99978984233311241       0.99958056985606214     
          32  0.59999999999999987       -1.9999882812500001       0.99999707031249996        2.6002604095588658E-004  0.99999414634704586       0.99998831553759371     
          32  0.39999999999999991       -2.0000000000000000        1.0000000000000000        0.0000000000000000        1.0000000000000000        1.0000000000000000     
          32  0.19999999999999996       -2.0000000000000000        1.0000000000000000        0.0000000000000000        1.0000000000000000        1.0000000000000000     
          64   5.0000000000000000      -0.42849183872767860        2.1318150111607141E-002   9.6672860426497212E-002   7.0868485314505439E-004   1.4687358554640794E-006
          64   4.7999999999999998      -0.44833991350446428        2.1629673549107144E-002  0.10892223539720192        7.2634710584368019E-004   1.5321213245117957E-006
          64   4.5999999999999996      -0.47119873046874999        2.2529087611607143E-002  0.11886520974996233        7.8867895262581960E-004   1.8111727013011400E-006
          64   4.4000000000000004      -0.49609116908482143        2.3125348772321429E-002  0.13369153454941726        8.4181465421404153E-004   2.1200166459850931E-006
          64   4.2000000000000002      -0.52549867466517852        2.4749581473214287E-002  0.15117085658821741        9.5177882058279856E-004   2.6091651179740438E-006
          64   4.0000000000000000      -0.55767968749999997        2.5146623883928573E-002  0.16954235239956006        9.8921554429190505E-004   2.9257209339529513E-006
          64   3.7999999999999998      -0.59397467912946433        2.7236642020089286E-002  0.20039924170380893        1.1648145914077760E-003   4.0293273394118908E-006
          64   3.5999999999999996      -0.63647719029017857        2.9699567522321429E-002  0.23054604832810252        1.3890593051910400E-003   5.8983474044924018E-006
          64   3.3999999999999999      -0.68629024832589280        3.1712506975446426E-002  0.26731133805374063        1.5814633539744786E-003   7.4506051489322545E-006
          64   3.2000000000000002      -0.74511893136160712        3.5412841796874997E-002  0.32067481328033048        1.9848350286483765E-003   1.2035778896172848E-005
          64   3.0000000000000000      -0.81769189453125002        4.0951485770089287E-002  0.39587942052639846        2.6212131806782313E-003   2.0490943593460185E-005
          64   2.7999999999999998      -0.90812723214285718        5.3287806919642855E-002  0.52168336907144830        4.4916505813598637E-003   5.9856217499340604E-005
          64   2.5999999999999996       -1.0282005440848214        7.0470389229910710E-002  0.70323183668927447        7.5796818562916344E-003   1.5622280528559631E-004
          64   2.5000000000000000       -1.1061624581473215        8.3157924107142858E-002  0.81669671867013671        1.0716669048581805E-002   3.1500370243344377E-004
          64   2.4900000000000002       -1.1162956194196429       0.10684776088169642       0.92461006573149374        1.7450763276645114E-002   8.6253192467901027E-004
          64   2.4800000000000000       -1.1232631835937501       0.10774644252232143       0.87698800806152022        1.6718060016632081E-002   6.4433170696692548E-004
          64   2.4700000000000002       -1.1345080217633929        9.4586111886160715E-002  0.88826824325360754        1.4210959553718566E-002   6.6346537871570736E-004
          64   2.4600000000000000       -1.1462633231026786       0.11943575613839286       0.99608921654587379        2.0672900949205670E-002   9.7972845594202743E-004
          64   2.4500000000000002       -1.1508473772321428       0.11743352399553571       0.98607701621994504        2.0606781448636736E-002   1.0971822920048859E-003
          64   2.4399999999999999       -1.1595145089285714       0.11722778320312500        1.0181616501368262        2.1429521986416407E-002   1.4086323346233849E-003
          64   2.4300000000000002       -1.1723021065848214       0.14864749581473213        1.0153010910343701        3.2926655854497638E-002   2.5793249032985718E-003
          64   2.4199999999999999       -1.1810936802455356       0.12971951729910713        1.0467583064618586        2.6566559348787579E-002   2.1849209642841663E-003
          64   2.4100000000000001       -1.1962806222098215       0.17766200474330357        1.1395234150662674        4.6286872267723086E-002   5.1662745122653380E-003
          64   2.3999999999999999       -1.2033979492187501       0.14452940150669644        1.1043039142183235        3.1962502496583119E-002   2.6666063559860902E-003
          64   2.3900000000000001       -1.2143673967633928       0.17248911830357141        1.1992189508268543        4.5777232101985386E-002   6.0951992729856748E-003
          64   2.3799999999999999       -1.2254200613839286       0.14984416852678573        1.2031242749060684        3.3461360318320137E-002   2.8055071916232434E-003
          64   2.3700000000000001       -1.2398330078124999       0.15364275251116072        1.1350480160677849        3.5734517557280403E-002   3.2846369101417971E-003
          64   2.3599999999999999       -1.2525538504464286       0.21042009626116071        1.3787684438394550        6.2731896689959932E-002   8.6283804709828514E-003
          64   2.3500000000000001       -1.2708350306919642       0.28482864815848213        1.5879567950474807       0.10653486764431000        2.1469338504161949E-002
          64   2.3399999999999999       -1.2879025530133930       0.30076199776785717        1.7063774012042665       0.12149770661762782        2.9619848069343868E-002
          64   2.3300000000000001       -1.3014926060267857       0.32739686802455359        1.5544435121683720       0.13336378787245068        2.9524673249708894E-002
          64   2.3199999999999998       -1.3163890904017856       0.33472809709821427        1.8505399914863399       0.14442101158414569        3.6121162881798001E-002
          64   2.3100000000000001       -1.3209516601562501       0.34440443638392859        1.9134884647988717       0.15123074395315989        3.9016507400978881E-002
          64   2.2999999999999998       -1.3465703124999999       0.35222195870535716        1.9973245080004465       0.16479071657998220        5.1743676042950014E-002
          64   2.2900000000000000       -1.3903231724330356       0.56248046875000002        2.1118748144137229       0.34080274067606242       0.13680060820796827     
          64   2.2799999999999998       -1.3975079520089286       0.54437779017857146        2.3573490907418155       0.33282670872552056       0.14002392556176521     
          64   2.2700000000000000       -1.4284424525669643       0.62275000000000003        2.1837703474147157       0.41031721898487639       0.19228417364941966     
          64   2.2599999999999998       -1.4484283621651786       0.66033321707589288        2.0196597008173844       0.44681897054399761       0.21661244474142308     
          64   2.2500000000000000       -1.4690024414062499       0.70705109514508924        1.6970399850365032       0.50493249237537385       0.26420630605197720     
          64   2.2400000000000002       -1.4874162248883929       0.72526886858258932        1.6013770129232474       0.53131194920199254       0.29145250694689745     
          64   2.2300000000000000       -1.5017974330357142       0.73894147600446425        1.6056432199258739       0.55020820382663183       0.31125796382058007     
          64   2.2199999999999998       -1.5213693498883929       0.76715593610491073        1.4165906433791491       0.59080360897949769       0.35409814907595927     
          64   2.2100000000000000       -1.5296616210937499       0.77058196149553571        1.4605424252307080       0.59626882624626165       0.36104696233016509     
          64   2.2000000000000002       -1.5477406529017856       0.79075491768973216        1.3130271028623894       0.62682755993093764       0.39661362100427788     
          64   2.1899999999999999       -1.5653722795758929       0.80691573660714289        1.2441798774654067       0.65234389928409031       0.42866162945810149     
          64   2.1800000000000002       -1.5761817103794642       0.81287569754464284        1.1634490164983444       0.66203676043237958       0.44150043417889845     
          64   2.1699999999999999       -1.5892677176339285       0.82010511997767854        1.2983010941498290       0.67463241481781011       0.45999195046759711     
          64   2.1600000000000001       -1.5969898856026785       0.82680451311383929        1.1780811643797433       0.68462840078558240       0.47142444197843869     
          64   2.1499999999999999       -1.6108124302455358       0.83786345563616071        1.1089218694424805       0.70274370297363831       0.49586353995464433     
          64   2.1400000000000001       -1.6229068777901785       0.84560641043526785        1.1827922092564132       0.71588316816943032       0.51479891606432893     
          64   2.1299999999999999       -1.6324345703125001       0.85216113281250006       0.99812263853550098       0.72672302825110302       0.52968057604294838     
          64   2.1200000000000001       -1.6385979352678572       0.85313804408482141        1.0787106831443027       0.72857826542854309       0.53289406248145832     
          64   2.1099999999999999       -1.6515952148437500       0.86269196428571426       0.99797179434127270       0.74481489641325815       0.55642621291411720     
          64   2.1000000000000001       -1.6621620396205357       0.86941322544642852        1.0278000665551636       0.75634569798197060       0.57344725546138109     
          64   2.0899999999999999       -1.6719913504464285       0.87374501255580361       0.97549175961305046       0.76389986571243829       0.58495311658315408     
          64   2.0800000000000001       -1.6798948102678573       0.87898622349330358       0.88419904325761212       0.77296851166657043       0.59855490649107379     
          64   2.0699999999999998       -1.6913317522321429       0.88569538225446431       0.82922724893575417       0.78475755756241938       0.61677923746830254     
          64   2.0600000000000001       -1.6987744140625001       0.88857742745535717       0.87926943149342318       0.78988255946976793       0.62489200251081378     
          64   2.0499999999999998       -1.7064116210937501       0.89263807896205360       0.83778992206040581       0.79708074326174605       0.63621422259908711     
          64   2.0400000000000000       -1.7144326869419644       0.89697345842633924       0.79902414469390814       0.80480936406339920       0.64850686302577609     
          64   2.0299999999999998       -1.7240518973214285       0.90127047293526785       0.78638752723176453       0.81252870799813948       0.66097577774366845     
          64   2.0200000000000000       -1.7317038922991070       0.90530821010044638       0.72908078860460312       0.81978467200483596       0.67270128196190615     
          64   2.0099999999999998       -1.7387167271205357       0.90854411969866067       0.74584551781967334       0.82564715969562530       0.68233073377396092     
          64   2.0000000000000000       -1.7442616489955358       0.91026988002232145       0.75203752678044111       0.82879992250033785       0.68759474153204692     
          64   1.8000000000000000       -1.8589509626116072       0.95680245535714281       0.45169506890634231       0.91552187681198116       0.83836621618688933     
          64   1.6000000000000001       -1.9279045061383928       0.97951670619419640       0.26822052997701457       0.95947014820575716       0.92064878210922896     
          64   1.3999999999999999       -1.9682227260044642       0.99142972237723215       0.14419211232664994       0.98293862187862391       0.96619083337663991     
          64   1.2000000000000000       -1.9886593889508928       0.99703941127232143        6.6661611669537199E-002  0.99408931681088042       0.98822044020609523     
          64   1.0000000000000000       -1.9971828962053570       0.99928198242187505        2.3572524794872152E-002  0.99856486594676974       0.99713333057090570     
          64  0.80000000000000004       -1.9996305803571428       0.99990708705357145        4.7017119754855221E-003  0.99981422959055222       0.99962868096149105     
          64  0.59999999999999987       -1.9999881417410714       0.99999703543526786        2.6191694107385264E-004  0.99999407231807713       0.99998815042349243     
          64  0.39999999999999991       -2.0000000000000000        1.0000000000000000        0.0000000000000000        1.0000000000000000        1.0000000000000000     
          64  0.19999999999999996       -2.0000000000000000        1.0000000000000000        0.0000000000000000        1.0000000000000000        1.0000000000000000     
         128   5.0000000000000000      -0.42830365862165176        1.0395010811941965E-002   9.7348024149996493E-002   1.6926949684109007E-004   8.5291622503353669E-008
         128   4.7999999999999998      -0.44859521484374998        1.0978515625000001E-002  0.10860591215104719        1.8948204602513996E-004   1.0945660172437651E-007
         128   4.5999999999999996      -0.47146555873325890        1.1115138462611607E-002  0.11968070599408791        1.9407984933682851E-004   1.1271749598430946E-007
         128   4.4000000000000004      -0.49655735560825892        1.1655151367187500E-002  0.13281600928342577        2.1338717213698795E-004   1.3394183894160123E-007
         128   4.2000000000000002      -0.52484709821428577        1.2208452497209822E-002  0.15136373586738705        2.3366505014044898E-004   1.6077044207507551E-007
         128   4.0000000000000000      -0.55712576729910712        1.2624223981584821E-002  0.17197926411535036        2.5089161417313986E-004   1.8993886252700280E-007
         128   3.7999999999999998      -0.59386204310825896        1.4019818987165179E-002  0.19702477106585722        3.1145391187497549E-004   2.9825454120718005E-007
         128   3.5999999999999996      -0.63625537109374997        1.5032514299665178E-002  0.22613584780964477        3.5443487869841713E-004   3.7672554952811981E-007
         128   3.3999999999999999      -0.68570898437500005        1.5902413504464287E-002  0.26979886008166593        4.0045337378978731E-004   5.0137622375274433E-007
         128   3.2000000000000002      -0.74505995396205360        1.7200212751116072E-002  0.32687936922766164        4.6995369451386586E-004   6.8623304366826378E-007
         128   3.0000000000000000      -0.81704375348772318        2.0328517368861609E-002  0.40227504060769409        6.6372310370206838E-004   1.4289393625116814E-006
         128   2.7999999999999998      -0.90775615583147318        2.6391278948102677E-002  0.50498246290358950        1.1168440846460205E-003   3.7767695741827778E-006
         128   2.5999999999999996       -1.0280862165178570        3.7306344168526788E-002  0.68294982447642583        2.1378056811434884E-003   1.2489008937964594E-005
         128   2.5000000000000000       -1.1070847691127232        4.8978524344308036E-002  0.88240842668921682        3.8934967911669186E-003   5.1087395793337050E-005
         128   2.4900000000000002       -1.1152074323381695        5.1106776646205360E-002  0.88655457424607786        4.0794750430754251E-003   5.0075455271466045E-005
         128   2.4800000000000000       -1.1238189697265626        4.5292506626674105E-002  0.88052469003681288        3.1440791242888996E-003   2.9209250021878592E-005
         128   2.4700000000000002       -1.1326969517299108        4.9111267089843751E-002  0.88308676163408106        3.8695118076034953E-003   4.6223992134527055E-005
         128   2.4600000000000000       -1.1426823904854910        5.1584463936941966E-002  0.98374721835094414        4.2203341179660389E-003   5.2513029154444779E-005
         128   2.4500000000000002       -1.1520054757254465        5.5584987095424108E-002  0.95590217112591069        4.7127056643366813E-003   6.7719411843541631E-005
         128   2.4399999999999999       -1.1592216971261160        6.0875113351004463E-002  0.92169971027437447        5.8897137141653471E-003   9.9980769371684812E-005
         128   2.4300000000000002       -1.1703260323660714        7.2107369559151785E-002   1.0355062188281152        7.3436037025281361E-003   1.1945589009812672E-004
         128   2.4199999999999999       -1.1807912248883929        6.3084586007254459E-002   1.1107641137479614        5.8135057038494519E-003   8.1220677406716995E-005
         128   2.4100000000000001       -1.1924995640345981        7.7942217145647322E-002   1.0945698813390945        8.7531531463776319E-003   1.8442242900865236E-004
         128   2.3999999999999999       -1.2045565359933035        7.9882298060825890E-002   1.1130920340096710        1.0109851176185267E-002   3.0108487699737844E-004
         128   2.3900000000000001       -1.2127617885044644        7.3352216448102678E-002   1.1355910926797432        8.4990513910140307E-003   2.0814074111812422E-004
         128   2.3799999999999999       -1.2293622000558035        6.7075291224888395E-002   1.2686893947125022        7.6593272249613487E-003   2.1131070416524755E-004
         128   2.3700000000000001       -1.2402742745535715       0.10064127894810268        1.3427925756165109        1.6274369357952050E-002   8.8347830929880774E-004
         128   2.3599999999999999       -1.2500935232979911       0.10423585728236608        1.2236793194996789        1.7503063840525492E-002   8.5953718986860994E-004
         128   2.3500000000000001       -1.2628566720145089       0.12244306291852679        1.4451028441372027        2.1977248481341770E-002   1.2142894849113287E-003
         128   2.3399999999999999       -1.2788860735212053       0.14376027134486608        1.2776612067280610        2.9755724762167250E-002   1.9163466291657622E-003
         128   2.3300000000000001       -1.2941481584821428       0.14365040806361606        1.4175016250785195        3.3031879833766389E-002   2.9387334403597979E-003
         128   2.3199999999999998       -1.3166162458147321       0.29564794921874998        1.5084912239973305        9.5660814962216789E-002   1.1863321523901930E-002
         128   2.3100000000000001       -1.3229091796875001       0.25039951869419641        1.7268070786205092        8.1084804568971908E-002   1.3374728562167501E-002
         128   2.2999999999999998       -1.3676466064453126       0.47442895507812499        1.8699907997481917       0.23581621393135616        6.2672557926845396E-002
         128   2.2900000000000000       -1.3571422816685268       0.12661567034040178        1.7249765949153533        2.5516810415046557E-002   2.0031144303902645E-003
         128   2.2799999999999998       -1.4025060686383928       0.54406136648995540        2.2303214839975674       0.30776853603976112       0.10673852370367168     
         128   2.2700000000000000       -1.4094968784877233       0.50626703752790181        2.0479595519148681       0.26714012041049345        8.1140538259689213E-002
         128   2.2599999999999998       -1.4483717041015625       0.66340781947544647        1.8627334922185248       0.44303186534558026       0.20124420727865439     
         128   2.2500000000000000       -1.4645033656529018       0.68768495396205354        1.7470725767665116       0.47468861651207722       0.22855991591485658     
         128   2.2400000000000002       -1.4742509242466517       0.67886412702287946        2.0290452864753310       0.46469482866248912       0.22247305966198500     
         128   2.2300000000000000       -1.4982459891183035       0.72816756766183033        1.6050165418527524       0.53178776350191659       0.28599098230563613     
         128   2.2199999999999998       -1.5159906877790179       0.75233586774553574        1.4276345744225463       0.56687827334020824       0.32325872095364722     
         128   2.2100000000000000       -1.5296235002790179       0.76207462855747765        1.5617900148601440       0.58189413740698781       0.34116980981382011     
         128   2.2000000000000002       -1.5450463692801339       0.78218734305245541        1.4305876585894117       0.61243238530627320       0.37654725056052957     
         128   2.1899999999999999       -1.5610230712890625       0.79882420131138387        1.3203776846906135       0.63858432946673460       0.40895016629288972     
         128   2.1800000000000002       -1.5755646449497769       0.81088636997767860        1.2922101945850006       0.65794640649642266       0.43394787073016056     
         128   2.1699999999999999       -1.5881288016183035       0.82152529471261160        1.1841019425135093       0.67519389589024437       0.45666272215551035     
         128   2.1600000000000001       -1.5963314034598215       0.82494507707868303        1.1763557333230377       0.68081393354173214       0.46426104645916144     
         128   2.1499999999999999       -1.6082729317801339       0.83392224121093750        1.1152779438567266       0.69567926289566928       0.48466589175552394     
         128   2.1400000000000001       -1.6216534772600446       0.84440955461774558        1.0843236130059448       0.71319565501489812       0.50912618035225976     
         128   2.1299999999999999       -1.6328132498604910       0.85134878976004469        1.0053835346415816       0.72494228067568367       0.52596686138699744     
         128   2.1200000000000001       -1.6431271798270088       0.85808418491908478        1.0232878948627731       0.73644918779283763       0.54276987267736510     
         128   2.1099999999999999       -1.6519044189453125       0.86230037144252236        1.0219700099097431       0.74371623756310767       0.55356875274502315     
         128   2.1000000000000001       -1.6630606515066964       0.86883902413504466       0.93238479633342530       0.75500303036400251       0.57039572982986464     
         128   2.0899999999999999       -1.6726958356584822       0.87536083112444196       0.90688248245818370       0.76635207572260078       0.58758734372797794     
         128   2.0800000000000001       -1.6798761858258928       0.87842089843750004       0.93581572386453848       0.77172833786904815       0.59588660362753043     
         128   2.0699999999999998       -1.6903477085658483       0.88449347795758926       0.88366725340781405       0.78241488136351112       0.61244210771662222     
         128   2.0600000000000001       -1.6983098842075892       0.88853717041015623       0.85918605963678119       0.78957607796256035       0.62367510255561087     
         128   2.0499999999999998       -1.7076512102399553       0.89347790527343751       0.78718350834009876       0.79836971176947868       0.63760740952329387     
         128   2.0400000000000000       -1.7154005650111608       0.89710763113839287       0.85395321949348946       0.80487363188394478       0.64805087963715968     
         128   2.0299999999999998       -1.7227740129743303       0.90063604736328129       0.77696445055308228       0.81120237159622566       0.65823397298764885     
         128   2.0200000000000000       -1.7309297572544642       0.90426549421037949       0.77769159370201113       0.81775775045262911       0.66892863828880311     
         128   2.0099999999999998       -1.7377863943917411       0.90776487513950888       0.75358704572306900       0.82408941944156378       0.67929555751553627     
         128   2.0000000000000000       -1.7457921491350445       0.91149075753348219       0.69006113103932876       0.83086030369571273       0.69047773501718490     
         128   1.8000000000000000       -1.8592867257254464       0.95689552525111610       0.42702735161718142       0.91566090827754565       0.83847832383675125     
         128   1.6000000000000001       -1.9282398681640625       0.97962002127511161       0.26182870637398986       0.95965958679893182       0.92096264084368784     
         128   1.3999999999999999       -1.9680667375837053       0.99138970075334820       0.14666763614439668       0.98285498963722162       0.96600963340911494     
         128   1.2000000000000000       -1.9886052071707589       0.99702754429408480        6.7520608950467756E-002  0.99406435691991024       0.98816566646178705     
         128   1.0000000000000000       -1.9971597028459822       0.99927596609933034        2.3243104886205401E-002  0.99855255138661181       0.99710757712847331     
         128  0.80000000000000004       -1.9996315743582589       0.99990727887834818        4.5945138140268673E-003  0.99981457784133299       0.99962923599927422     
         128  0.59999999999999987       -1.9999874616350446       0.99999686104910712        2.7980729808203060E-004  0.99999372249415941       0.99998744657189365     
         128  0.39999999999999991       -2.0000000000000000        1.0000000000000000        0.0000000000000000        1.0000000000000000        1.0000000000000000     
         128  0.19999999999999996       -2.0000000000000000        1.0000000000000000        0.0000000000000000        1.0000000000000000        1.0000000000000000     