          16   5.0000000000000000      -0.42732366071428574        8.4441406250000003E-002   9.8043853010203741E-002   1.1201690673828125E-002   3.7115420906671457E-004
          16   4.7999999999999998      -0.44890959821428572        8.6799107142857143E-002  0.10565902842826584        1.1828142438616072E-002   4.1805966624191827E-004
          16   4.5999999999999996      -0.46955803571428573        8.8334263392857146E-002  0.11687452716909044        1.2266204833984376E-002   4.5208333565720493E-004
          16   4.4000000000000004      -0.49635156250000001        9.3203683035714288E-002  0.13701014806393863        1.3597826276506696E-002   5.4010897316038612E-004
          16   4.2000000000000002      -0.52674553571428573        9.9410714285714283E-002  0.15025269245453229        1.5229544503348215E-002   6.5261794307402206E-004
          16   4.0000000000000000      -0.55652120535714289       0.10163560267857143       0.17116439235889569        1.6095193045479912E-002   7.4619502547596179E-004
          16   3.7999999999999998      -0.59552343750000003       0.11175055803571429       0.19764748482019137        1.9542005266462055E-002   1.1319913946624314E-003
          16   3.5999999999999996      -0.63837946428571424       0.11739285714285715       0.23353410454459675        2.1465497698102680E-002   1.3733944972710950E-003
          16   3.3999999999999999      -0.68608147321428570       0.12893303571428572       0.26867647497418129        2.5880153111049107E-002   1.9073589183390140E-003
          16   3.2000000000000002      -0.74527455357142858       0.14440959821428570       0.32496142466019723        3.2070295061383931E-002   2.8342287221125194E-003
          16   3.0000000000000000      -0.82094196428571431       0.17532812500000000       0.41542622959183478        4.7146048409598212E-002   6.0113653306450160E-003
          16   2.7999999999999998      -0.90895424107142853       0.20993750000000000       0.50855938407011592        6.5804922921316969E-002   1.1066299490098443E-002
          16   2.5999999999999996       -1.0402712053571428       0.30052566964285715       0.77563941133129521       0.12932423618861608        3.7050844848155975E-002
          16   2.5000000000000000       -1.1282120535714286       0.37903459821428570        1.0383702610204000       0.19271655273437499        7.0034655590142519E-002
          16   2.4900000000000002       -1.1448448660714285       0.41013281250000000        1.1395235704209410       0.21914748709542411        8.5123943842415298E-002
          16   2.4800000000000000       -1.1575033482142858       0.41662834821428574        1.1221837773596759       0.22627646309988839        8.9578373998935729E-002
          16   2.4700000000000002       -1.1597399553571428       0.41552232142857143        1.1581901866749602       0.22677166748046876        9.0512465995869471E-002
          16   2.4600000000000000       -1.1808861607142858       0.43661049107142857        1.2000158819104698       0.24699848284040180       0.10419447993593557     
          16   2.4500000000000002       -1.1920625000000000       0.45086774553571429        1.2573290176712077       0.25878741019112722       0.11134292173199356     
          16   2.4399999999999999       -1.1889296874999999       0.43664732142857143        1.2151514783522395       0.24604008265904018       0.10328002002675618     
          16   2.4300000000000002       -1.2113928571428572       0.46946484375000003        1.3673269761087361       0.27813439505440846       0.12627906817384063     
          16   2.4199999999999999       -1.2354341517857144       0.50159486607142856        1.4007056011960168       0.30988859340122765       0.14703082180395721     
          16   2.4100000000000001       -1.2435792410714286       0.51185546874999999        1.3777640954078378       0.31773794555664064       0.15105433704358126     
          16   2.3999999999999999       -1.2488214285714285       0.50563950892857146        1.3957188952664425       0.31432702636718751       0.15108920954593591     
          16   2.3900000000000001       -1.2693415178571428       0.53510546874999998        1.3332302228370350       0.33842191423688617       0.16416453734599054     
          16   2.3799999999999999       -1.2867433035714286       0.54642299107142855        1.4757296553825472       0.35702033342633926       0.18282682181043283     
          16   2.3700000000000001       -1.2926584821428571       0.55691629464285719        1.4067896498849595       0.36378911481584819       0.18585246189257928     
          16   2.3599999999999999       -1.3132946428571428       0.57809207589285716        1.5327400641382785       0.39102400861467634       0.20996175161509642     
          16   2.3500000000000001       -1.3342064732142858       0.60150000000000003        1.4965370330443122       0.41344733537946426       0.22545525499859026     
          16   2.3399999999999999       -1.3333571428571429       0.58708928571428576        1.5291052494852766       0.40083834402901786       0.21948068756823028     
          16   2.3300000000000001       -1.3605156249999999       0.63382979910714288        1.5168534157801079       0.44555804007393973       0.25068949657385903     
          16   2.3199999999999998       -1.3942187500000001       0.67067410714285713        1.4420722765733740       0.48972916085379464       0.28916659515031745     
          16   2.3100000000000001       -1.3812957589285715       0.63768973214285718        1.5917792421369110       0.45700982666015627       0.26661889143660666     
          16   2.2999999999999998       -1.4215479910714286       0.69663002232142857        1.4167118450652907       0.52003169032505581       0.31689374000818604     
          16   2.2900000000000000       -1.4302087053571428       0.69758482142857148        1.5296326400607214       0.52358812604631699       0.32341455579176548     
          16   2.2799999999999998       -1.4449218749999999       0.70958258928571427        1.4539460373109474       0.53916741943359370       0.33872949539071745     
          16   2.2700000000000000       -1.4495156250000001       0.71291908482142852        1.5232346158057788       0.54579454258510041       0.34751373713490152     
          16   2.2599999999999998       -1.4720926339285714       0.73608370535714285        1.4098320953863710       0.56977424839564728       0.36733018482849000     
          16   2.2500000000000000       -1.4965345982142857       0.75508091517857145        1.3485593962584881       0.59726963152204238       0.39857125369752094     
          16   2.2400000000000002       -1.4981339285714286       0.75871540178571428        1.3153772964064396       0.59850095040457585       0.39672802520170808     
          16   2.2300000000000000       -1.4959107142857142       0.73826729910714284        1.4562779181531484       0.58117769513811379       0.38763147116212970     
          16   2.2199999999999998       -1.5266796874999999       0.78422823660714280        1.2609145213928024       0.63212537057059148       0.43182075812800652     
          16   2.2100000000000000       -1.5380468750000000       0.78363002232142853        1.3443210494256888       0.63839062935965407       0.44613282276929489     
          16   2.2000000000000002       -1.5623392857142857       0.80456919642857139        1.1961302011300390       0.66516347830636158       0.47397786066095743     
          16   2.1899999999999999       -1.5688750000000000       0.80625446428571423        1.2216580584820391       0.67087420654296870       0.48326575401904326     
          16   2.1800000000000002       -1.5684709821428571       0.80496261160714289        1.2495261188654281       0.66705224173409594       0.47821182370372117     
          16   2.1699999999999999       -1.5842265625000000       0.81971372767857142        1.1725802436609509       0.68764243425641736       0.50111328757101936     
          16   2.1600000000000001       -1.6065189732142857       0.83722098214285712        1.1053157029232499       0.71286113630022319       0.53178535540082628     
          16   2.1499999999999999       -1.5971171875000001       0.82121595982142859        1.2621038751641549       0.69306891305106022       0.51281954274725705     
          16   2.1400000000000001       -1.6195212053571428       0.84101841517857145        1.0856060555568354       0.71979088047572548       0.54309063533826596     
          16   2.1299999999999999       -1.6317857142857144       0.85132142857142856        1.0716524724020062       0.73420903669084825       0.56042159637489486     
          16   2.1200000000000001       -1.6426328125000000       0.85615345982142854        1.0494188685801020       0.74246717616489954       0.57256088509064695     
          16   2.1099999999999999       -1.6525066964285715       0.85958872767857142        1.0401215933297148       0.74950255911690844       0.58386838766693006     
          16   2.1000000000000001       -1.6619397321428571       0.86376506696428568        1.0062252993544532       0.75684993634905129       0.59434118302884908     
          16   2.0899999999999999       -1.6679944196428571       0.86865234375000000       0.96005441052161400       0.76434504481724330       0.60363046484467175     
          16   2.0800000000000001       -1.6822857142857144       0.87861774553571426       0.88276636181467671       0.77862124633789065       0.62206278361885681     
          16   2.0699999999999998       -1.6882689732142857       0.88288727678571433       0.89147885114540659       0.78505835832868298       0.63064520452224782     
          16   2.0600000000000001       -1.7036249999999999       0.89219754464285717       0.81674216972113522       0.79992121233258928       0.65108033075928684     
          16   2.0499999999999998       -1.7091763392857142       0.89620535714285710       0.76710518489967383       0.80642626081194202       0.65991948204008599     
          16   2.0400000000000000       -1.7147834821428571       0.89649665178571425       0.77702535395287264       0.80756676374162950       0.66299323527248843     
          16   2.0299999999999998       -1.7280234375000001       0.90468638392857148       0.73820516896878829       0.82132699148995536       0.68323282042145728     
          16   2.0200000000000000       -1.7321863839285714       0.90474720982142853       0.77504253776826948       0.82224112810407368       0.68632674718994113     
          16   2.0099999999999998       -1.7320267857142857       0.90459877232142860       0.75704433462702470       0.82186536080496653       0.68546626692824064     
          16   2.0000000000000000       -1.7472388392857143       0.91213337053571431       0.69208125988521374       0.83484651838030133       0.70536422915836527     
          16   1.8000000000000000       -1.8581060267857143       0.95642131696428567       0.44838053813537265       0.91553548322405132       0.84099627773862862     
          16   1.6000000000000001       -1.9285691964285714       0.97962332589285717       0.26724728904259359       0.95995489937918532       0.92260095370747153     
          16   1.3999999999999999       -1.9676607142857143       0.99123772321428572       0.14489331007911582       0.98264626639229913       0.96595782364213045     
          16   1.2000000000000000       -1.9883705357142858       0.99696205357142853        6.8974897250484446E-002  0.99396177455357138       0.98807179971890791     
          16   1.0000000000000000       -1.9973482142857142       0.99932142857142858        2.1815887755224139E-002  0.99864915248325892       0.99732321129526413     
          16  0.80000000000000004       -1.9996529017857143       0.99991238839285712        4.3672667210614682E-003  0.99982549612862726       0.99965384421843506     
          16  0.59999999999999987       -1.9999888392857144       0.99999720982142859        2.4792729568111517E-004  0.99999444144112726       0.99998896939546933     
          16  0.39999999999999991       -2.0000000000000000        1.0000000000000000        0.0000000000000000        1.0000000000000000        1.0000000000000000     
          16  0.19999999999999996       -2.0000000000000000        1.0000000000000000        0.0000000000000000        1.0000000000000000        1.0000000000000000     
          32   5.0000000000000000      -0.42737695312500001        4.2027343750000001E-002   9.6230481629463613E-002   2.7593945094517300E-003   2.2524650680549842E-005
          32   4.7999999999999998      -0.44871177455357142        4.3535574776785713E-002  0.10835857957420444        2.9660124097551617E-003   2.6442156918554765E-005
          32   4.5999999999999996      -0.47137165178571427        4.4340680803571432E-002  0.11947565433191301        3.0598902021135603E-003   2.7842008352828478E-005
          32   4.4000000000000004      -0.49680775669642857        4.7688755580357144E-002  0.13570513412210497        3.5718337467738558E-003   3.8611138878747756E-005
          32   4.2000000000000002      -0.52392131696428568        4.8510602678571428E-002  0.15158775913320355        3.6934498378208705E-003   4.0835291010028281E-005
          32   4.0000000000000000      -0.55609933035714287        5.1612444196428568E-002  0.17377756497129937        4.1388157435825893E-003   4.9892364730892172E-005
          32   3.7999999999999998      -0.59395703124999999        5.5392159598214287E-002  0.19686685932553560        4.7836584363664903E-003   6.7645555959773316E-005
          32   3.5999999999999996      -0.63631947544642853        5.8168387276785714E-002  0.22677217084135859        5.2919630323137552E-003   8.3712977786490231E-005
          32   3.3999999999999999      -0.68540318080357143        6.4181919642857146E-002  0.26282604108968877        6.5408924647739957E-003   1.3157216985460504E-004
          32   3.2000000000000002      -0.74439146205357143        7.3610351562499995E-002  0.31673063783450578        8.4221264975411544E-003   2.0432074497616018E-004
          32   3.0000000000000000      -0.81694587053571432        8.4997070312500006E-002  0.40493239480583221        1.1201595033918108E-002   3.6559490763154047E-004
          32   2.7999999999999998      -0.90678599330357146       0.10260546875000000       0.51351690782119153        1.6602791922433035E-002   8.4379533171886575E-004
          32   2.5999999999999996       -1.0300036272321429       0.14958984375000001       0.71705999510127127        3.5085860116141183E-002   3.5788722575276293E-003
          32   2.5000000000000000       -1.1067466517857143       0.20573786272321429       0.88089387244897810        6.1565633773803710E-002   8.9529625819299592E-003
          32   2.4900000000000002       -1.1185820312500001       0.21542871093749999       0.90878245375356193        6.6473678861345559E-002   1.0182582488455020E-002
          32   2.4800000000000000       -1.1240650111607142       0.19813239397321428       0.91224302524574574        6.0014429092407229E-002   9.6062218162104342E-003
          32   2.4700000000000002       -1.1357689732142857       0.21403794642857144       0.93354865487392258        6.8615622384207584E-002   1.2146006886876420E-002
          32   2.4600000000000000       -1.1442544642857142       0.24889341517857144        1.0500137267628065        8.7926243918282646E-002   1.7297213896154840E-002
          32   2.4500000000000002       -1.1606950334821429       0.25250892857142859        1.0545365509774021        9.3309180668422156E-002   1.9784663701386308E-002
          32   2.4399999999999999       -1.1639916294642858       0.25248088727678569        1.0167995204045928        9.0974691935947968E-002   1.8352878095240159E-002
          32   2.4300000000000002       -1.1808091517857142       0.27133635602678574        1.0934388339621863       0.10361439759390695        2.2879706032367331E-002
          32   2.4199999999999999       -1.1888989955357143       0.28973563058035712        1.1803913758029603       0.11522145761762347        2.7124819294770921E-002
          32   2.4100000000000001       -1.2095725446428571       0.33123018973214285        1.2184162979726960       0.14547357940673827        3.8564261965594988E-002
          32   2.3999999999999999       -1.2117120535714285       0.31707198660714286        1.3347112860508838       0.13998394993373325        3.9235321587479638E-002
          32   2.3900000000000001       -1.2220775669642858       0.32199916294642855        1.3236607439287116       0.14197281265258790        3.9851478874506678E-002
          32   2.3799999999999999       -1.2423819754464285       0.37232826450892859        1.4155330526427861       0.17734543255397250        5.4402915102162559E-002
          32   2.3700000000000001       -1.2569991629464285       0.38146191406250002        1.4686382627803982       0.19096567017691476        6.3562777394259418E-002
          32   2.3599999999999999       -1.2689857700892857       0.41212067522321427        1.5637215544088685       0.21173001343863351        7.3310171480819655E-002
          32   2.3500000000000001       -1.2995887276785714       0.48140917968750002        1.6320481166448400       0.27014763886587961       0.10252191761636745     
          32   2.3399999999999999       -1.3082204241071429       0.47870968191964286        1.8868007545137651       0.27764844540187289       0.11303606826773882     
          32   2.3300000000000001       -1.3322633928571428       0.52228222656250001        1.8763351485117337       0.31275464766366140       0.13333186988508117     
          32   2.3199999999999998       -1.3393030133928572       0.51391169084821431        1.8345054444620994       0.30817440005711144       0.13243635172329857     
          32   2.3100000000000001       -1.3462234933035715       0.51426255580357139        1.8782543571475816       0.31107531411307199       0.13564504810289613     
          32   2.2999999999999998       -1.3544946986607143       0.48854910714285715        1.8564657233608055       0.29441827011108396       0.13033728066557629     
          32   2.2900000000000000       -1.3914793526785714       0.60286049107142858        1.8478760435318529       0.39160733032226563       0.18725827072191584     
          32   2.2799999999999998       -1.4136556919642858       0.63100362723214287        1.8033360710648663       0.42766772351946147       0.21777052386574047     
          32   2.2700000000000000       -1.4181668526785713       0.62015164620535712        1.9665846089219763       0.42193142781938825       0.21926985523059661     
          32   2.2599999999999998       -1.4239997209821429       0.59686146763392856        2.0902519267350410       0.40634331812177388       0.21482294721155840     
          32   2.2500000000000000       -1.4716015625000001       0.71467438616071433        1.6535302910052441       0.52804224995204385       0.30345576059657992     
          32   2.2400000000000002       -1.4899196428571428       0.73645382254464287        1.5664248264476361       0.55482085118974955       0.32929430347218397     
          32   2.2300000000000000       -1.4886113281250000       0.70626911272321424        1.9417189911507640       0.52817799786158970       0.31628598003243158     
          32   2.2199999999999998       -1.5231707589285715       0.76726478794642861        1.4593688582231643       0.59873188236781527       0.37735268091454471     
          32   2.2100000000000000       -1.5347081473214286       0.77658830915178567        1.3706958935027842       0.61237834739685060       0.39240283044168711     
          32   2.2000000000000002       -1.5472223772321430       0.78473297991071433        1.4789630414164332       0.62650872857230056       0.41007113775216153     
          32   2.1899999999999999       -1.5690426897321428       0.80885784040178577        1.2577303322176725       0.65896751049586699       0.44519297844515676     
          32   2.1800000000000002       -1.5764227120535714       0.81083258928571433        1.2763617441406188       0.66369131415230886       0.45357712375255610     
          32   2.1699999999999999       -1.5861861049107142       0.81662346540178576        1.2840887293529966       0.67335294914245603       0.46687531016318096     
          32   2.1600000000000001       -1.6028702566964286       0.83322126116071427        1.1959067667373113       0.69771796689714705       0.49550186791907719     
          32   2.1499999999999999       -1.6093618861607142       0.83661411830357146        1.1231502651564169       0.70320444270542692       0.50279031814884678     
          32   2.1400000000000001       -1.6212003348214286       0.84226409040178574        1.1250659896746300       0.71289327267238067       0.51688964583806329     
          32   2.1299999999999999       -1.6272792968750001       0.84729185267857143        1.1662355757441176       0.72099825668334960       0.52778444586755568     
          32   2.1200000000000001       -1.6457753906249999       0.86153976004464283       0.96381022387888249       0.74405200277056016       0.55868811790605521     
          32   2.1099999999999999       -1.6537714843750000       0.86505719866071429       0.96937519064535360       0.75011695262363975       0.56779149547576213     
          32   2.1000000000000001       -1.6598685825892858       0.86847405133928568        1.0007579856591129       0.75597534343174522       0.57646814133316049     
          32   2.0899999999999999       -1.6691369977678572       0.87208286830357140       0.93037007854644993       0.76227706527709960       0.58607844339603621     
          32   2.0800000000000001       -1.6800719866071430       0.87879896763392862       0.87565698320307717       0.77368427031380793       0.60272423422325250     
          32   2.0699999999999998       -1.6822159598214286       0.87749107142857141       0.94801144948194127       0.77205140032087050       0.60173594999476332     
          32   2.0600000000000001       -1.7005837053571429       0.88982965959821425       0.83820251679118463       0.79295820481436596       0.63230868519636718     
          32   2.0499999999999998       -1.7062435825892857       0.89196512276785711       0.84645453445404473       0.79684395762852256       0.63870888028172657     
          32   2.0400000000000000       -1.7160362723214286       0.89840708705357142       0.77484610809693266       0.80803557096208845       0.65574372812821824     
          32   2.0299999999999998       -1.7219835379464286       0.90127776227678569       0.78620996002879839       0.81315892601013184       0.66393030271837672     
          32   2.0200000000000000       -1.7310703125000000       0.90529282924107146       0.75468243878403873       0.82035133552551265       0.67551474812132806     
          32   2.0099999999999998       -1.7388945312499999       0.90883272879464283       0.73508416130533949       0.82670046533857078       0.68576621593079579     
          32   2.0000000000000000       -1.7449241071428572       0.91124497767857138       0.73225803443870063       0.83108490535191126       0.69302907814565695     
          32   1.8000000000000000       -1.8591445312499999       0.95681752232142858       0.43527793829924366       0.91569512721470425       0.83920511110179774     
          32   1.6000000000000001       -1.9279974888392857       0.97954506138392861       0.26451524231578810       0.95957560539245601       0.92104136770229528     
          32   1.3999999999999999       -1.9683247767857144       0.99143973214285719       0.14082321753940794       0.98297529384068083       0.96632877610761458     
          32   1.2000000000000000       -1.9886328124999999       0.99703445870535712        6.7871558780060098E-002  0.99408470290047779       0.98823211407896039     
          32   1.0000000000000000       -1.9972380022321428       0.99929450334821424        2.2193861528194248E-002  0.99859096445356099       0.99718973356443064     
          32  0.80000000000000004       -1.9996138392857143       0.99990276227678576        4.8709223527509940E-003  0.99980572918483190       0.99961227505450267     
          32  0.59999999999999987       -1.9999916294642857       0.99999790736607141        1.8581260721677820E-004  0.99999581881931854       0.99999165395542411     
          32  0.39999999999999991       -2.0000000000000000        1.0000000000000000        0.0000000000000000        1.0000000000000000        1.0000000000000000     
          32  0.19999999999999996       -2.0000000000000000        1.0000000000000000        0.0000000000000000        1.0000000000000000        1.0000000000000000     
          64   5.0000000000000000      -0.42834179687500001        2.1093261718749999E-002   9.8961535982139137E-002   6.9318618093218117E-004   1.4109251797386994E-006
          64   4.7999999999999998      -0.44863741629464288        2.1482491629464286E-002  0.10942192548548176        7.2355873244149343E-004   1.5699521522378745E-006
          64   4.5999999999999996      -0.47130782645089286        2.2659946986607143E-002  0.12107195379164812        8.0341877256120953E-004   1.9110135873623741E-006
          64   4.4000000000000004      -0.49677357700892855        2.3232073102678573E-002  0.13359506714464808        8.4873809133257185E-004   2.1940115334879400E-006
          64   4.2000000000000002      -0.52553634207589284        2.4662074497767857E-002  0.15664947150090719        9.5093333721160884E-004   2.7216236844529770E-006
          64   4.0000000000000000      -0.55722732979910716        2.6080426897321429E-002  0.16615254937494228        1.0496526105063303E-003   3.1505243186740829E-006
          64   3.7999999999999998      -0.59396170479910715        2.7353794642857143E-002  0.19943452616732388        1.1902754647391183E-003   4.4942344165974644E-006
          64   3.5999999999999996      -0.63666538783482141        2.9568743024553572E-002  0.22471110452780654        1.3694630180086408E-003   5.4515309443843309E-006
          64   3.3999999999999999      -0.68625160435267862        3.1925327845982142E-002  0.27162615860506667        1.6065450225557600E-003   7.6915288519907267E-006
          64   3.2000000000000002      -0.74504199218750000        3.5941301618303570E-002  0.32192625301905581        2.0365989378520423E-003   1.2400573890362564E-005
          64   3.0000000000000000      -0.81715129743303572        4.2144287109374998E-002  0.40274529265651737        2.8220149278640745E-003   2.4273938114573314E-005
          64   2.7999999999999998      -0.90807003348214288        5.1830880301339283E-002  0.50655784377766500        4.2236398117882863E-003   5.2121975638763326E-005
          64   2.5999999999999996       -1.0283323800223214        7.7424944196428577E-002  0.71365168592058348        9.1399411814553390E-003   2.3471182391140083E-004
          64   2.5000000000000000       -1.1041191406249999        9.1048618861607145E-002  0.88706335107155609        1.2965136562074934E-002   4.9294991871551015E-004
          64   2.4900000000000002       -1.1153287527901785        9.8778459821428577E-002  0.87628808056275387        1.5553285121917724E-002   7.4740723489513325E-004
          64   2.4800000000000000       -1.1237869001116072       0.10412510463169643       0.92409928782914230        1.6877255729266575E-002   8.5053816956151508E-004
          64   2.4700000000000002       -1.1341202566964286       0.11707132393973214       0.92803828808414746        2.1081917268889291E-002   1.2972718508107448E-003
          64   2.4600000000000000       -1.1439831891741072       0.12011021205357143       0.98641183309374358        2.2648285457066129E-002   1.4457943578458168E-003
          64   2.4500000000000002       -1.1534395228794643       0.11986471121651786       0.93814688354972486        2.1069013646670749E-002   1.0649761616422983E-003
          64   2.4399999999999999       -1.1638533761160714       0.12125156947544642        1.0087563129437020        2.3562434656279427E-002   1.6196524386467631E-003
          64   2.4300000000000002       -1.1691049804687501       0.11952322823660715        1.0535146482317757        2.2657527855464391E-002   1.4682658421817547E-003
          64   2.4199999999999999       -1.1803129185267858       0.11810937500000000        1.0013920552416837        2.0965240171977453E-002   1.1442066659923041E-003
          64   2.4100000000000001       -1.1904351981026786       0.13321030970982142        1.0714590550559240        2.7276365756988524E-002   2.0243920241589911E-003
          64   2.3999999999999999       -1.2040238560267857       0.17814174107142858        1.1649928190408332        4.4675968953541347E-002   4.2060940053787674E-003
          64   2.3900000000000001       -1.2122749023437500       0.12575627790178570        1.1303597833446013        2.4577130283628193E-002   1.7929479132055559E-003
          64   2.3799999999999999       -1.2268902762276785       0.17177591378348214        1.2737450784320303        4.4908988390650065E-002   6.1216653933540742E-003
          64   2.3700000000000001       -1.2449460100446428       0.21013922991071429        1.3081227766029464        6.1239288296018331E-002   8.0776194674476842E-003
          64   2.3599999999999999       -1.2544185267857142       0.21868397739955356        1.3480127145211129        7.1663746408053813E-002   1.2481352732463112E-002
          64   2.3500000000000001       -1.2677373046875000       0.25218927873883928        1.4536158912604942        8.6211374333926616E-002   1.5197067367644824E-002
          64   2.3399999999999999       -1.2774665178571429       0.23976660156249999        1.5853810716017331        7.8482947553907126E-002   1.2922859770864794E-002
          64   2.3300000000000001       -1.3015703125000000       0.34623678152901788        1.7446788327614997       0.14808457951886314        3.5643796043474799E-002
          64   2.3199999999999998       -1.3163234514508928       0.33702232142857141        1.7892759498716118       0.15193055203982761        4.1730912942628234E-002
          64   2.3100000000000001       -1.3446310686383929       0.45556204659598215        1.9458632012460042       0.23489504693235669        7.3923892127623958E-002
          64   2.2999999999999998       -1.3730117187499999       0.54995389229910718        1.9176616645288891       0.31453994931493484       0.11298152440458216     
          64   2.2900000000000000       -1.3738963448660715       0.47500240652901787        2.4099906238013591       0.26308568676880428        9.7307844191375434E-002
          64   2.2799999999999998       -1.3935448521205358       0.52008684430803576        2.3154825658455831       0.31154514414923534       0.12549357346511264     
          64   2.2700000000000000       -1.4323421456473213       0.64597359793526787        1.6856066314760019       0.42537211545876097       0.19301075970021975     
          64   2.2599999999999998       -1.4494340820312499       0.66940750558035711        1.8709745908944218       0.45734789861951558       0.22334358724540590     
          64   2.2500000000000000       -1.4441934291294642       0.60018711635044641        2.4703631430737141       0.38850681238515039       0.18162707883604887     
          64   2.2400000000000002       -1.4669626116071428       0.60971414620535713        2.7826037147708216       0.42674181270599365       0.22904310326128735     
          64   2.2300000000000000       -1.4997154017857144       0.73734336635044639        1.4536814630960364       0.54678070965835024       0.30536329254882849     
          64   2.2199999999999998       -1.5229324776785715       0.76855315290178572        1.3785767030816845       0.59280778489794050       0.35622733278935748     
          64   2.2100000000000000       -1.5345336216517858       0.77542937360491071        1.4384553959340596       0.60422258937358853       0.37138238379034078     
          64   2.2000000000000002       -1.5466313476562501       0.78669698660714282        1.4097839281389457       0.62116802450588771       0.39107711358258784     
          64   2.1899999999999999       -1.5612912946428572       0.80004624720982143        1.3482057738025768       0.64175695197922844       0.41594847888362529     
          64   2.1800000000000002       -1.5750228794642858       0.81227744838169647        1.1829994024767034       0.66091785504136769       0.43968922016338985     
          64   2.1699999999999999       -1.5877231445312501       0.82268028041294639        1.2079770409880883       0.67776857694557735       0.46192778723171735     
          64   2.1600000000000001       -1.5957699497767857       0.82485428292410712        1.1811549299655550       0.68145831312452043       0.46722118935373569     
          64   2.1499999999999999       -1.6114936523437500       0.83866992187500000        1.0632445371352208       0.70413543002946033       0.49790362633262358     
          64   2.1400000000000001       -1.6234231305803570       0.84776862444196432        1.0242989343596887       0.71926804780960085       0.51892539446293018     
          64   2.1299999999999999       -1.6305596400669642       0.84968303571428572        1.0536322965134119       0.72263338756561279       0.52409185683594073     
          64   2.1200000000000001       -1.6405943777901786       0.85579534040178573        1.0365077107249898       0.73305784337861202       0.53928313865975708     
          64   2.1099999999999999       -1.6543461914062501       0.86571086774553574       0.96747866078371536       0.74993845503670831       0.56382364068381219     
          64   2.1000000000000001       -1.6630059988839285       0.87011045619419647       0.94563455314856171       0.75752080496719909       0.57511579951117509     
          64   2.0899999999999999       -1.6722551618303572       0.87521501813616076       0.91069959371975828       0.76640313599790844       0.58858707837322843     
          64   2.0800000000000001       -1.6816388811383929       0.88062754603794646       0.86979566658621577       0.77583323071684152       0.60292490250054520     
          64   2.0699999999999998       -1.6879089006696428       0.88156644112723215       0.89015321093653210       0.77766474412168773       0.60625888770004455     
          64   2.0600000000000001       -1.6995648018973215       0.88975352260044638       0.83246137738329862       0.79194639704908643       0.62807274793119894     
          64   2.0499999999999998       -1.7076978934151785       0.89412573242187499       0.77328711798738914       0.79970895615645821       0.64032087607151855     
          64   2.0400000000000000       -1.7148231724330356       0.89698461914062499       0.81264640016124490       0.80483102027007514       0.64854895790240208     
          64   2.0299999999999998       -1.7242398158482144       0.90150798688616074       0.78155408236827162       0.81296598844868795       0.66171427885758927     
          64   2.0200000000000000       -1.7299550083705357       0.90420867047991071       0.79408017732615344       0.81781190230165213       0.66952560006972028     
          64   2.0099999999999998       -1.7380807756696428       0.90777082170758927       0.73773879531095110       0.82423964549813955       0.67999843381228731     
          64   2.0000000000000000       -1.7452181919642857       0.91121927315848217       0.70930916820771017       0.83049242099693843       0.69028515815331692     
          64   1.8000000000000000       -1.8593363560267857       0.95691284179687497       0.42994465090296324       0.91573026304585592       0.83873752412271718     
          64   1.6000000000000001       -1.9280197405133928       0.97955186244419645       0.26209515722683813       0.95953868908541540       0.92077904830651303     
          64   1.3999999999999999       -1.9680715680803571       0.99137622070312503       0.14741356266851507       0.98283270885263174       0.96598329707713493     
          64   1.2000000000000000       -1.9886773158482143       0.99704799107142861        6.8057331471512356E-002  0.99410643468584337       0.98825451038524659     
          64   1.0000000000000000       -1.9971395786830357       0.99926897321428576        2.3676497748965630E-002  0.99853887142453879       0.99708143695475093     
          64  0.80000000000000004       -1.9996327427455358       0.99990754045758934        4.6295095927462162E-003  0.99981513576848169       0.99963049080134625     
          64  0.59999999999999987       -1.9999867466517858       0.99999668666294639        2.9252032618387619E-004  0.99999337494373319       0.99998675635566803     
          64  0.39999999999999991       -2.0000000000000000        1.0000000000000000        0.0000000000000000        1.0000000000000000        1.0000000000000000     
          64  0.19999999999999996       -2.0000000000000000        1.0000000000000000        0.0000000000000000        1.0000000000000000        1.0000000000000000     
         128   5.0000000000000000      -0.42817114257812500        1.0699026925223214E-002   9.6114873621645530E-002   1.7881356818335396E-004   9.4290180615416324E-008
         128   4.7999999999999998      -0.44882034737723214        1.1033176967075892E-002  0.10840178774793843        1.9168441316911152E-004   1.1137967037829924E-007
         128   4.5999999999999996      -0.47146203613281251        1.1285103934151785E-002  0.11962616416278532        1.9793342905385155E-004   1.1353340849308756E-007
         128   4.4000000000000004      -0.49671740722656249        1.1735726492745535E-002  0.13488073577883172        2.1606095667396272E-004   1.4022691113541836E-007
         128   4.2000000000000002      -0.52519395228794641        1.2402038574218750E-002  0.15027224315421822        2.4250027005161558E-004   1.7685054555770043E-007
         128   4.0000000000000000      -0.55707510811941963        1.2641601562500000E-002  0.17337890275450718        2.5190236951623643E-004   1.9313654194763608E-007
         128   3.7999999999999998      -0.59389015415736612        1.4127057756696428E-002  0.19516124868952422        3.1030592960970744E-004   2.7851768123476893E-007
         128   3.5999999999999996      -0.63622490583147318        1.4295828683035715E-002  0.23018291671919378        3.2141362130641939E-004   3.0966091773776403E-007
         128   3.3999999999999999      -0.68635914829799105        1.6142700195312502E-002  0.26537739180542064        4.0935224933283669E-004   4.9884119999339076E-007
         128   3.2000000000000002      -0.74528102329799106        1.8165553501674106E-002  0.32471855901956553        5.1149678975343708E-004   7.8170654967873216E-007
         128   3.0000000000000000      -0.81760721261160718        2.1450892857142856E-002  0.40360324024752320        7.2714619125638694E-004   1.6192850090577567E-006
         128   2.7999999999999998      -0.90877976771763391        2.6577540806361606E-002  0.50614203279384151        1.1106192756976400E-003   3.5950249956616348E-006
         128   2.5999999999999996       -1.0285571114676340        3.5790309361049107E-002  0.73113379422094782        2.0490317121148109E-003   1.3097304902886361E-005
         128   2.5000000000000000       -1.1061290631975447        4.9367623465401786E-002  0.84412957252410703        3.8104753515550067E-003   4.0752796284298236E-005
         128   2.4900000000000002       -1.1145250592912948        4.9984828404017856E-002  0.88012926902819888        3.7762714666979653E-003   3.9670200827134380E-005
         128   2.4800000000000000       -1.1224529506138392        4.8276497977120539E-002  0.85088386628497181        3.6308506035378999E-003   3.8173749091943899E-005
         128   2.4700000000000002       -1.1331505126953125        5.6594438825334818E-002  0.90460271619756027        5.0100127554365565E-003   6.9109982317027124E-005
         128   2.4600000000000000       -1.1418961879185268        5.6072753906250002E-002  0.91474441403816098        4.8457337468862530E-003   6.4474403920106421E-005
         128   2.4500000000000002       -1.1513605085100447        5.1050694056919643E-002  0.95808915326125266        3.9312240076916560E-003   3.9569549058716170E-005
         128   2.4399999999999999       -1.1622726527622769        5.5200422014508928E-002  0.98143004796181543        4.9308741731303079E-003   7.7991998274352633E-005
         128   2.4300000000000002       -1.1714256068638393        6.0736363002232140E-002   1.0096143526216637        5.7664771952799388E-003   9.4446397109543094E-005
         128   2.4199999999999999       -1.1815511648995536        7.3686907087053569E-002   1.0821158098556289        8.0935852655342651E-003   1.6748241921133529E-004
         128   2.4100000000000001       -1.1945788922991072        8.6954912458147321E-002   1.1152861479384100        1.0880108642790999E-002   2.7189371802187535E-004
         128   2.3999999999999999       -1.2041880405970982        8.8427873883928573E-002   1.1905440370033680        1.2503682977386884E-002   4.5722928443033163E-004
         128   2.3900000000000001       -1.2166032191685268        7.8458217075892858E-002   1.1156323733694238        8.8597926007849825E-003   1.8729700559872749E-004
         128   2.3799999999999999       -1.2252005266462054        8.7261832101004466E-002   1.1567930835782303        1.2244138103510653E-002   4.6784927308426782E-004
         128   2.3700000000000001       -1.2401919817243303        9.7912004743303568E-002   1.3327390707776070        1.4694215855428150E-002   5.9575129711217183E-004
         128   2.3599999999999999       -1.2509741036551338       0.10633326067243304        1.3103740516012841        1.7011486410030297E-002   7.8817390435815225E-004
         128   2.3500000000000001       -1.2656243373325893       0.14535708182198662        1.4107958551366833        3.0748384266027381E-002   2.4390110958932790E-003
         128   2.3399999999999999       -1.2790543212890626       0.14045669119698662        1.3367144503912813        3.2169226187680450E-002   2.9805769171351534E-003
         128   2.3300000000000001       -1.2930890066964287       0.13399247523716518        1.4115539710569189        2.9325697252792972E-002   2.7168967604092316E-003
         128   2.3199999999999998       -1.3098806849888394       0.20991959926060269        1.5017743954730634        5.7509195198970180E-002   5.8580114067486215E-003
         128   2.3100000000000001       -1.3329276820591518       0.28831717354910713        2.1838493170881277       0.10849477384771619        2.1596046199503571E-002
         128   2.2999999999999998       -1.3434218750000000       0.23859327915736608        1.7066131886308551        7.3647777791534155E-002   9.5123327167639243E-003
         128   2.2900000000000000       -1.3729633440290179       0.41277989850725444        2.3594118549771612       0.18863416480273007        4.7985564463852132E-002
         128   2.2799999999999998       -1.3770033307756697       0.33320562744140625        1.9864272679363528       0.13036816416787250        2.3815550645003580E-002
         128   2.2700000000000000       -1.3972566615513393       0.28183983503069199        2.2757752462189980       0.12830819291834319        3.8275166236004445E-002
         128   2.2599999999999998       -1.4454054303850445       0.65321812220982145        1.8105100141479784       0.42956028996195111       0.18934493031785030     
         128   2.2500000000000000       -1.4675295758928570       0.69998249162946424        1.7507395004094750       0.49139262101905684       0.24418435295869398     
         128   2.2400000000000002       -1.4764923967633929       0.68566389683314732        2.0054523268625215       0.47420244375616311       0.23167417831790749     
         128   2.2300000000000000       -1.5025736607142857       0.74439499337332593        1.5777763193992662       0.55510336595667265       0.31024591598418833     
         128   2.2199999999999998       -1.5199749581473214       0.76299038260323659        1.5158884566765030       0.58292951262316528       0.34157425923271634     
         128   2.2100000000000000       -1.5313929966517856       0.77022045026506691        1.6757740053811636       0.59424717418104411       0.35540828720552509     
         128   2.2000000000000002       -1.5450230538504464       0.78102942766462058        1.4003996971950980       0.61064209950715298       0.37440544373845491     
         128   2.1899999999999999       -1.5627462681361608       0.80303762381417410        1.3140127405753792       0.64522777614316773       0.41723633856717957     
         128   2.1800000000000002       -1.5738924386160715       0.81029514857700891        1.3054429993159871       0.65692554068565367       0.43245198793562578     
         128   2.1699999999999999       -1.5862821044921875       0.81972968401227675        1.2126966763390148       0.67224779683777269       0.45269124296650592     
         128   2.1600000000000001       -1.5980863560267857       0.82733636474609373        1.1692858959496808       0.68473748567168202       0.46955026138210876     
         128   2.1499999999999999       -1.6100243268694197       0.83657840401785710        1.1504616273972930       0.70010130913129875       0.49080151043694975     
         128   2.1400000000000001       -1.6214618617466519       0.84373676409040177        1.1027500737342275       0.71210500501309126       0.50769377531379156     
         128   2.1299999999999999       -1.6317976074218750       0.85066679164341519        1.0483412707572783       0.72379620303107162       0.52434765090969271     
         128   2.1200000000000001       -1.6416406250000000       0.85592915562220984        1.0075569798864670       0.73278003915825063       0.53744800600294040     
         128   2.1099999999999999       -1.6520316510881696       0.86238315255301334       0.98847357876558850       0.74385191792994743       0.55375046103278180     
         128   2.1000000000000001       -1.6607810581752231       0.86757186453683033       0.95264404077673392       0.75280562302683085       0.56708942638210313     
         128   2.0899999999999999       -1.6709293910435268       0.87349856131417414       0.95018096837535682       0.76311654057779488       0.58270109802297065     
         128   2.0800000000000001       -1.6797279052734375       0.87826771763392852       0.93220317412568643       0.77145302939840721       0.59544310723550198     
         128   2.0699999999999998       -1.6898618338448661       0.88410697719029019       0.90875374699911793       0.78173733500604115       0.61140043071295092     
         128   2.0600000000000001       -1.6984004429408481       0.88869630650111608       0.87288123124871486       0.78985938812579426       0.62412405095645995     
         128   2.0499999999999998       -1.7062164481026785       0.89206856863839290       0.83281259938174501       0.79586547927132678       0.63365273949620804     
         128   2.0400000000000000       -1.7149958496093749       0.89676244245256698       0.77234497831330451       0.80424502659801922       0.64700961225926967     
         128   2.0299999999999998       -1.7225008021763393       0.90051865931919639       0.81116045037427209       0.81099315943888250       0.65790193574635469     
         128   2.0200000000000000       -1.7304867989676340       0.90427684674944198       0.75801461227597144       0.81777155322368655       0.66892974034953290     
         128   2.0099999999999998       -1.7382210344587055       0.90798558698381693       0.74520909436667793       0.82448892101751903       0.67995012285987588     
         128   2.0000000000000000       -1.7456320800781251       0.91135128348214289       0.73039815265656216       0.83060742255406717       0.69006209430391585     
         128   1.8000000000000000       -1.8592720598493304       0.95680886404854915       0.44844098863029136       0.91549595807812045       0.83817952165973064     
         128   1.6000000000000001       -1.9283140869140625       0.97963662283761166       0.26178358613435643       0.95969214899092914       0.92102527661961475     
         128   1.3999999999999999       -1.9680717075892857       0.99137677873883934       0.14594732964520074       0.98282937287007055       0.96595929661770719     
         128   1.2000000000000000       -1.9885706263950893       0.99701912144252236        6.8156184549176643E-002  0.99404756702163388       0.98813230874343239     
         128   1.0000000000000000       -1.9971504603794643       0.99927342006138398        2.3367131616396364E-002  0.99854746374700754       0.99709741956522224     
         128  0.80000000000000004       -1.9996341203962054       0.99990785435267859        4.6652629521304325E-003  0.99981572886662828       0.99963153835626573     
         128  0.59999999999999987       -1.9999869559151786       0.99999673025948665        2.9413816567587991E-004  0.99999346093727015       0.99998692354750474     
         128  0.39999999999999991       -2.0000000000000000        1.0000000000000000        0.0000000000000000        1.0000000000000000        1.0000000000000000     
         128  0.19999999999999996       -2.0000000000000000        1.0000000000000000        0.0000000000000000        1.0000000000000000        1.0000000000000000         
