          16   5.0000000000000000      -0.43542857142857144        8.6350446428571426E-002   9.7435347755101986E-002   1.1586547851562500E-002   3.8721959505762373E-004
          16   4.7999999999999998      -0.45569084821428574        8.8663504464285711E-002  0.10931483122464454        1.2320229666573661E-002   4.4990061037242414E-004
          16   4.5999999999999996      -0.47923437499999999        9.1415178571428571E-002  0.12178230193424244        1.3056056431361608E-002   5.0214893424085211E-004
          16   4.4000000000000004      -0.50471763392857139        9.5471540178571429E-002  0.13568494224297500        1.4364436558314733E-002   6.2311664782464500E-004
          16   4.2000000000000002      -0.53375558035714288       0.10136383928571428       0.15255785304661804        1.6049700055803570E-002   7.5958545718874250E-004
          16   4.0000000000000000      -0.56694977678571423       0.10565792410714285       0.17776773419563252        1.7451254708426338E-002   8.9106439985334868E-004
          16   3.7999999999999998      -0.60531138392857142       0.11368470982142857       0.20234841212671084        2.0048440115792411E-002   1.1542927982019526E-003
          16   3.5999999999999996      -0.65057589285714290       0.12415959821428571       0.23578999315003685        2.3852416992187500E-002   1.6300627227340426E-003
          16   3.3999999999999999      -0.70223883928571429       0.13776953124999999       0.27476248488365929        2.9470916748046874E-002   2.4819827242089170E-003
          16   3.2000000000000002      -0.76447544642857146       0.15906082589285714       0.34054313503966144        3.8991040910993306E-002   4.1899056000901120E-003
          16   3.0000000000000000      -0.84445424107142852       0.19373716517857142       0.43277706345663269        5.6252166748046874E-002   8.1132196988910436E-003
          16   2.7999999999999998      -0.94950892857142855       0.25828627232142859       0.60219010308205223        9.7000980922154020E-002   2.1821071295067669E-002
          16   2.5999999999999996       -1.1025502232142856       0.38842243303571428       0.90784951880623255       0.19720446341378348        6.9245395030028051E-002
          16   2.5000000000000000       -1.2031015625000001       0.49260993303571426        1.1368664060714218       0.29260533360072544       0.12797526274328785     
          16   2.4900000000000002       -1.2130669642857144       0.50231975446428567        1.1296980570425148       0.30117691040039063       0.13320585677213967     
          16   2.4800000000000000       -1.2229319196428572       0.51117912946428568        1.1609844062220402       0.30965123203822542       0.13895105904899538     
          16   2.4700000000000002       -1.2353069196428572       0.52240736607142857        1.1710239459797702       0.32216990443638394       0.14834485906788281     
          16   2.4600000000000000       -1.2472433035714285       0.53383426339285711        1.1790817875707660       0.33313163975306920       0.15609932575135357     
          16   2.4500000000000002       -1.2608169642857143       0.54932421875000004        1.2288201098181859       0.34978779384068082       0.16879954685403833     
          16   2.4399999999999999       -1.2709174107142858       0.55630189732142854        1.2502488116862152       0.35735004970005579       0.17491685113230987     
          16   2.4300000000000002       -1.2808828125000000       0.56560602678571426        1.2493825259076590       0.36729588099888394       0.18261597914461578     
          16   2.4199999999999999       -1.2949709821428572       0.58091183035714289        1.2668650290054035       0.38381515938895089       0.19530655490447368     
          16   2.4100000000000001       -1.3072645089285715       0.59184821428571432        1.2803141763293013       0.39579105050223212       0.20532876769985473     
          16   2.3999999999999999       -1.3202756696428573       0.60606361607142856        1.2833038211606171       0.41078731863839285       0.21660761739845788     
          16   2.3900000000000001       -1.3334687500000000       0.61692187499999995        1.2892638496725024       0.42362535749162944       0.22796177597822886     
          16   2.3799999999999999       -1.3444977678571428       0.62733928571428577        1.3436361433078623       0.43618464006696428       0.23947205286153725     
          16   2.3700000000000001       -1.3589587053571428       0.64153348214285710        1.3179574318878640       0.45207106236049105       0.25272518174243824     
          16   2.3599999999999999       -1.3687712053571428       0.64993917410714286        1.3235082397350135       0.46230148315429687       0.26170709801491882     
          16   2.3500000000000001       -1.3827455357142857       0.66446093750000002        1.3175448998069101       0.47894619315011161       0.27601993703469635     
          16   2.3399999999999999       -1.3950714285714285       0.67380970982142863        1.3292364791632336       0.49102974591936382       0.28828083237340407     
          16   2.3300000000000001       -1.4126495535714285       0.68877287946428567        1.3649581056842155       0.51004091535295759       0.30719146881172699     
          16   2.3199999999999998       -1.4187343750000001       0.69576953124999996        1.3375459052387488       0.51781641932896205       0.31349976493710918     
          16   2.3100000000000001       -1.4357120535714285       0.70870089285714288        1.3149239257039920       0.53469185965401789       0.33024485199472736     
          16   2.2999999999999998       -1.4466774553571429       0.71876004464285714        1.3280424336806957       0.54692619977678569       0.34246513701017411     
          16   2.2900000000000000       -1.4597321428571428       0.72932533482142858        1.2934456662472764       0.56035440063476560       0.35557812603536459     
          16   2.2799999999999998       -1.4754665178571429       0.74272488839285711        1.2883678492028021       0.57813007027762275       0.37434002735119848     
          16   2.2700000000000000       -1.4842879464285714       0.74975279017857144        1.2818558182117454       0.58802432250976566       0.38552213956601916     
          16   2.2599999999999998       -1.4978258928571428       0.76052232142857146        1.2618634046343049       0.60205151367187504       0.40035506997789655     
          16   2.2500000000000000       -1.5107332589285714       0.77007979910714286        1.2375386313303161       0.61494163731166296       0.41399000088897137     
          16   2.2400000000000002       -1.5232879464285713       0.77980245535714288        1.2330531506139404       0.62870147705078128       0.42981753595120142     
          16   2.2300000000000000       -1.5317979910714286       0.78583872767857144        1.2234146394247618       0.63705539812360490       0.43921841486623242     
          16   2.2199999999999998       -1.5430022321428571       0.79336941964285712        1.1938621195830428       0.64786911446707585       0.45197545673006345     
          16   2.2100000000000000       -1.5573906250000000       0.80363839285714289        1.1720475204526550       0.66239678955078130       0.46901806400130902     
          16   2.2000000000000002       -1.5681997767857143       0.81194587053571432        1.1435969223704430       0.67466013445172990       0.48365125855457569     
          16   2.1899999999999999       -1.5784810267857143       0.81735714285714289        1.1364979315012065       0.68317214529854908       0.49477866900339723     
          16   2.1800000000000002       -1.5888203125000000       0.82633705357142861        1.0969602543864982       0.69544644601004468       0.50852568372551887     
          16   2.1699999999999999       -1.6010033482142858       0.83386774553571430        1.0717699380780432       0.70707901000976559       0.52385901585620431     
          16   2.1600000000000001       -1.6131339285714286       0.84120479910714285        1.0454019803651837       0.71862560599190850       0.53892522439227575     
          16   2.1499999999999999       -1.6190625000000001       0.84492968749999997        1.0216201807926977       0.72401032366071427       0.54580166578186406     
          16   2.1400000000000001       -1.6308906249999999       0.85071595982142856       0.99843228861224653       0.73347940935407363       0.55885252332501112     
          16   2.1299999999999999       -1.6419598214285713       0.85830078124999998       0.96551908027642963       0.74496002633231029       0.57365817155555954     
          16   2.1200000000000001       -1.6490245535714285       0.86296930803571426       0.95959717869992633       0.75221153477260050       0.58338673696374255     
          16   2.1099999999999999       -1.6606049107142857       0.86845312500000005       0.94823676392795375       0.76137909807477677       0.59669787804463081     
          16   2.1000000000000001       -1.6698046875000001       0.87363392857142852       0.90585642664802857       0.76983552769252228       0.60843611711210444     
          16   2.0899999999999999       -1.6774140625000000       0.87796261160714284       0.90618593620713883       0.77695107160295762       0.61864099284075202     
          16   2.0800000000000001       -1.6886506696428571       0.88404464285714290       0.85979092050123918       0.78681154959542410       0.63256139796386868     
          16   2.0699999999999998       -1.6950825892857142       0.88755245535714289       0.84279447350951120       0.79252349853515625       0.64069100869500206     
          16   2.0600000000000001       -1.7022767857142858       0.89099720982142860       0.83150292589463592       0.79864904349190846       0.65034613686666953     
          16   2.0499999999999998       -1.7107031250000000       0.89490066964285719       0.81171161935921876       0.80509565952845985       0.65977359253753509     
          16   2.0400000000000000       -1.7186506696428572       0.89915848214285710       0.78262785498695298       0.81244982038225444       0.67078829203918577     
          16   2.0299999999999998       -1.7267310267857143       0.90314899553571426       0.73868049298904270       0.81911500331333709       0.68052365455324093     
          16   2.0200000000000000       -1.7347767857142857       0.90646205357142862       0.74027750130537484       0.82500385393415177       0.69011801542022400     
          16   2.0099999999999998       -1.7422087053571429       0.91074218750000002       0.71251106564534350       0.83228757149832588       0.70099061859132983     
          16   2.0000000000000000       -1.7494720982142857       0.91343805803571432       0.70037836981822466       0.83715784127371651       0.70903114785919230     
          16   1.8000000000000000       -1.8610602678571428       0.95757254464285713       0.43326049343347450       0.91771109444754462       0.84488760517111849     
          16   1.6000000000000001       -1.9306841517857143       0.98029464285714285       0.25872112053071378       0.96124483816964290       0.92499392728081775     
          16   1.3999999999999999       -1.9744821428571429       0.99313448660714287       0.13492124114952267       0.98639914812360496       0.97330576993179108     
          16   1.2000000000000000       -1.9955100446428571       0.99882812499999996        3.1761415594881257E-002  0.99767051478794644       0.99539719909216673     
          16   1.0000000000000000       -1.9997421875000001       0.99993470982142862        2.1570915178017458E-003  0.99986997331891736       0.99974214136467443     
          16  0.80000000000000004       -1.9999955357142858       0.99999888392857139        5.5795599429586660E-005  0.99999777657645095       0.99999558775818775     
          16  0.59999999999999987       -2.0000000000000000        1.0000000000000000        0.0000000000000000        1.0000000000000000        1.0000000000000000     
          16  0.39999999999999991       -2.0000000000000000        1.0000000000000000        0.0000000000000000        1.0000000000000000        1.0000000000000000     
          16  0.19999999999999996       -2.0000000000000000        1.0000000000000000        0.0000000000000000        1.0000000000000000        1.0000000000000000     
          32   5.0000000000000000      -0.42967550223214285        4.2417550223214286E-002   9.7478610175382979E-002   2.8167242322649274E-003   2.3810934278506987E-005
          32   4.7999999999999998      -0.45060825892857143        4.3755998883928574E-002  0.10833268146125644        3.0128449031284876E-003   2.7250808922482456E-005
          32   4.5999999999999996      -0.47258677455357145        4.5137276785714282E-002  0.12027244439459560        3.1903839111328126E-003   3.0507859478737893E-005
          32   4.4000000000000004      -0.49874274553571429        4.7501534598214289E-002  0.13556922592803752        3.5203958238874161E-003   3.6089711449416686E-005
          32   4.2000000000000002      -0.52710909598214284        4.9507114955357145E-002  0.15071181061258671        3.8245187486921038E-003   4.3061095735798256E-005
          32   4.0000000000000000      -0.55866071428571429        5.2181780133928574E-002  0.17090219626913239        4.2398777008056639E-003   5.3058644934416018E-005
          32   3.7999999999999998      -0.59653989955357145        5.5831333705357145E-002  0.19870149041578486        4.8966350555419919E-003   7.1920521084393844E-005
          32   3.5999999999999996      -0.63988727678571433        6.0177036830357140E-002  0.22860696560452415        5.6535532815115792E-003   9.3707764856974660E-005
          32   3.3999999999999999      -0.69021791294642854        6.6209960937500006E-002  0.28084367192879273        6.8510635920933311E-003   1.3899313836944721E-004
          32   3.2000000000000002      -0.74937081473214284        7.4203543526785709E-002  0.32979930157563947        8.6534671783447259E-003   2.2372849153284082E-004
          32   3.0000000000000000      -0.82451450892857148        8.7919642857142863E-002  0.41445284509635866        1.2114798409598214E-002   4.3666438873541275E-004
          32   2.7999999999999998      -0.91786049107142853       0.11227971540178572       0.53204907964781945        1.9589365550449916E-002   1.1079311425117859E-003
          32   2.5999999999999996       -1.0457553013392857       0.17310058593750000       0.75185253034758537        4.5210520880562918E-002   5.2703080580467944E-003
          32   2.5000000000000000       -1.1334631696428572       0.25047893415178574       0.99852563489792379        8.9284332547868994E-002   1.7410649871101278E-002
          32   2.4900000000000002       -1.1429963727678571       0.26024009486607141        1.0086587564991087        9.5647814341953824E-002   1.9636025599911851E-002
          32   2.4800000000000000       -1.1525742187500001       0.27189801897321431        1.0400777624364232       0.10328966276986258        2.2385166885018407E-002
          32   2.4700000000000002       -1.1648214285714287       0.28949079241071429        1.0962122287243035       0.11492085811070034        2.6522578887283869E-002
          32   2.4600000000000000       -1.1772405133928572       0.30112081473214286        1.1480206646627196       0.12356471742902483        2.9961492068913815E-002
          32   2.4500000000000002       -1.1871802455357143       0.31808147321428570        1.1760025941040670       0.13555122103009906        3.4807512825477588E-002
          32   2.4399999999999999       -1.1997405133928571       0.33221665736607142        1.2398606180632714       0.14595582335335869        3.9003545314746070E-002
          32   2.4300000000000002       -1.2136417410714286       0.35055133928571430        1.2532203821298493       0.16026028115408761        4.5464321599969743E-002
          32   2.4199999999999999       -1.2251263950892857       0.36731459263392857        1.3006986446708197       0.17351483236040388        5.1584301379653752E-002
          32   2.4100000000000001       -1.2372756696428571       0.38850976562500000        1.3683204097181170       0.18995971897670200        5.9322772475192326E-002
          32   2.3999999999999999       -1.2513465401785715       0.40865471540178572        1.3777914203669659       0.20656898307800292        6.7599991064968765E-002
          32   2.3900000000000001       -1.2646542968750001       0.43222167968750003        1.4497952631920337       0.22658997644696918        7.7783067171876608E-002
          32   2.3799999999999999       -1.2813755580357142       0.45508691406250001        1.5089472374521982       0.24710521888732911        8.9746888524323623E-002
          32   2.3700000000000001       -1.2933200334821429       0.47290555245535715        1.5239905344506757       0.26331547410147532        9.8842274931936119E-002
          32   2.3599999999999999       -1.3093897879464285       0.49912695312499999        1.5643647144442223       0.28723073414393835       0.11305104473108285     
          32   2.3500000000000001       -1.3272910156250000       0.52633510044642862        1.5850810904457757       0.31333656147548128       0.12959083061376545     
          32   2.3399999999999999       -1.3404974888392858       0.54529352678571430        1.6067826720176355       0.33295226996285576       0.14276875154052687     
          32   2.3300000000000001       -1.3548378906250000       0.56550823102678571        1.6114188829730027       0.35368953732081820       0.15711719456932560     
          32   2.3199999999999998       -1.3734857700892857       0.59250027901785718        1.6112645211655310       0.38221703393118722       0.17794978018676505     
          32   2.3100000000000001       -1.3900739397321429       0.61369224330357142        1.6405763472102508       0.40658422633579799       0.19725959221849917     
          32   2.2999999999999998       -1.4055845424107143       0.63444517299107139        1.6399263895436031       0.42939172554016114       0.21529579441620963     
          32   2.2900000000000000       -1.4184179687500000       0.65236565290178572        1.6409250502094841       0.45045975630623952       0.23308718335353790     
          32   2.2799999999999998       -1.4379871651785714       0.67783370535714282        1.5927677800366375       0.48052505711146765       0.25853334948317830     
          32   2.2700000000000000       -1.4523482142857143       0.69183161272321425        1.5988574701941278       0.49854739243643625       0.27541574604444968     
          32   2.2599999999999998       -1.4667625558035715       0.71010156250000001        1.5573669191142108       0.52144323240007673       0.29656750044489621     
          32   2.2500000000000000       -1.4813976004464287       0.72558816964285711        1.5654394645848417       0.54232947758265904       0.31771866113221869     
          32   2.2400000000000002       -1.4973479352678571       0.74277608816964291        1.4558427958427314       0.56464728682381771       0.33954820931316293     
          32   2.2300000000000000       -1.5103261718750001       0.75399553571428568        1.5019426964908447       0.58093472943987168       0.35787257205889911     
          32   2.2199999999999998       -1.5257988281249999       0.76995186941964289        1.4037814169669345       0.60267400932312010       0.38064122836783332     
          32   2.2100000000000000       -1.5402140066964285       0.78282700892857138        1.3477896249705497       0.62139843096051894       0.40189197509883423     
          32   2.2000000000000002       -1.5541997767857143       0.79460156250000002        1.3224754071618103       0.63886135918753484       0.42251726901496917     
          32   2.1899999999999999       -1.5645870535714286       0.80384235491071432        1.2556266752025960       0.65205325971330919       0.43747898385878320     
          32   2.1800000000000002       -1.5779375000000000       0.81376032366071427        1.2351977384358692       0.66777998624529156       0.45759433412063144     
          32   2.1699999999999999       -1.5890864955357142       0.82185979352678573        1.1882637209105078       0.68029159464154920       0.47335451971747117     
          32   2.1600000000000001       -1.6010524553571428       0.83045452008928566        1.1637559524355965       0.69372098541259763       0.49067262933236944     
          32   2.1499999999999999       -1.6123367745535715       0.83888992745535718        1.1034706393796125       0.70703243827819828       0.50802156472622817     
          32   2.1400000000000001       -1.6239227120535715       0.84618959263392857        1.0831030624937801       0.71896729087829592       0.52431422681916173     
          32   2.1299999999999999       -1.6329129464285714       0.85153989955357146        1.0315041517831283       0.72782780293055938       0.53667375829571595     
          32   2.1200000000000001       -1.6438459821428570       0.85836509486607138        1.0020652554698657       0.73929286057608468       0.55299420209870009     
          32   2.1099999999999999       -1.6544402901785715       0.86432393973214283       0.98145626523584573       0.74921624374389650       0.56715563106897549     
          32   2.1000000000000001       -1.6646849888392856       0.87059095982142853       0.93617880279566379       0.75977188655308314       0.58233439106694584     
          32   2.0899999999999999       -1.6729958147321429       0.87519852120535713       0.91520678120723931       0.76766352707999097       0.59407510131105978     
          32   2.0800000000000001       -1.6833962053571430       0.88063295200892855       0.89831011437367925       0.77702960068838933       0.60818544504539018     
          32   2.0699999999999998       -1.6910797991071429       0.88494489397321430       0.86951213997026044       0.78448920576913017       0.61940305326039691     
          32   2.0600000000000001       -1.7001381138392857       0.88957073102678574       0.83715180186639127       0.79256215967450827       0.63182868179994800     
          32   2.0499999999999998       -1.7081316964285713       0.89367410714285711       0.83260838543636850       0.79978969573974612       0.64311194657738091     
          32   2.0400000000000000       -1.7160873325892858       0.89761104910714284       0.80661318508318580       0.80672566986083982       0.65395117728580121     
          32   2.0299999999999998       -1.7235276227678571       0.90140945870535716       0.75984624434303683       0.81349225480215892       0.66464826080238704     
          32   2.0200000000000000       -1.7322726004464286       0.90523967633928570       0.75967297153042856       0.82032512010846814       0.67566009939071126     
          32   2.0099999999999998       -1.7392151227678572       0.90857338169642854       0.74114060890259559       0.82631113924298971       0.68534840666749475     
          32   2.0000000000000000       -1.7468250558035714       0.91218903459821432       0.72010722973141128       0.83280506106785368       0.69587556059861733     
          32   1.8000000000000000       -1.8595075334821429       0.95694419642857143       0.44746709791393130       0.91594448634556358       0.83968649731458367     
          32   1.6000000000000001       -1.9285212053571428       0.97970549665178575       0.26547239965335473       0.95989076478140700       0.92164949293272569     
          32   1.3999999999999999       -1.9681573660714287       0.99140192522321424       0.14428056603988734       0.98290087863377162       0.96618461513991083     
          32   1.2000000000000000       -1.9894637276785714       0.99725251116071434        6.8459431468189308E-002  0.99451959065028595       0.98909705517260382     
          32   1.0000000000000000       -1.9989383370535714       0.99972809709821431        1.0813454639901465E-002  0.99945698792593818       0.99891713882003286     
          32  0.80000000000000004       -1.9999854910714285       0.99999637276785713        1.8102479302228855E-004  0.99999275262015208       0.99998553352273511     
          32  0.59999999999999987       -2.0000000000000000        1.0000000000000000        0.0000000000000000        1.0000000000000000        1.0000000000000000     
          32  0.39999999999999991       -2.0000000000000000        1.0000000000000000        0.0000000000000000        1.0000000000000000        1.0000000000000000     
          32  0.19999999999999996       -2.0000000000000000        1.0000000000000000        0.0000000000000000        1.0000000000000000        1.0000000000000000     
          64   5.0000000000000000      -0.42881417410714284        2.1269810267857143E-002   9.8837070790818868E-002   7.0608442170279361E-004   1.4585902192477208E-006
          64   4.7999999999999998      -0.44915952845982143        2.1700334821428573E-002  0.10857272089657638        7.4387393678937636E-004   1.6845712687947006E-006
          64   4.5999999999999996      -0.47163281250000000        2.2436035156249999E-002  0.11923155296381450        7.9222502027239121E-004   1.8608527544594315E-006
          64   4.4000000000000004      -0.49720354352678570        2.3518345424107141E-002  0.13345550099600229        8.6864951678684778E-004   2.2614317514759412E-006
          64   4.2000000000000002      -0.52544928850446426        2.4248186383928571E-002  0.15210042365048806        9.2763788359505794E-004   2.5685877432043268E-006
          64   4.0000000000000000      -0.55814892578124997        2.6019775390625000E-002  0.16806246994454455        1.0689013174601963E-003   3.4819447360072380E-006
          64   3.7999999999999998      -0.59449218749999999        2.7504464285714285E-002  0.19468617060744622        1.1836658545902798E-003   4.2246113967183064E-006
          64   3.5999999999999996      -0.63749860491071431        2.9398716517857144E-002  0.22421758681046483        1.3588864803314208E-003   5.5276344473489712E-006
          64   3.3999999999999999      -0.68666169084821427        3.2035958426339287E-002  0.26896161441828448        1.6149123566491263E-003   7.7687523408737233E-006
          64   3.2000000000000002      -0.74651569475446433        3.6876360212053573E-002  0.31955177851887834        2.1346576724733625E-003   1.3622608381414888E-005
          64   3.0000000000000000      -0.81873451450892853        4.2786725725446430E-002  0.40741735118167022        2.8711736713136946E-003   2.4321917635774072E-005
          64   2.7999999999999998      -0.91079603794642860        5.3944440569196429E-002  0.52357633379480317        4.5672963176454813E-003   6.2126554113534985E-005
          64   2.5999999999999996       -1.0332030552455358        7.8241315569196432E-002  0.72291302072018426        9.5172562088285170E-003   2.6345970597820869E-004
          64   2.5000000000000000       -1.1130066964285714       0.10701140485491072       0.87115667061239943        1.7752281580652510E-002   8.9973897226284648E-004
          64   2.4900000000000002       -1.1217614397321429       0.11091301618303571       0.90717158502660800        1.9080190999167305E-002   1.0310419287093606E-003
          64   2.4800000000000000       -1.1309628906250000       0.11632585797991071       0.93409777754006018        2.0830437779426576E-002   1.2015615365161849E-003
          64   2.4700000000000002       -1.1410004882812499       0.12078829520089286       0.95846401195597841        2.2525602885654996E-002   1.4096810681975447E-003
          64   2.4600000000000000       -1.1498535156250000       0.12845242745535715       0.97890595307431427        2.5213348456791469E-002   1.7263139627550735E-003
          64   2.4500000000000002       -1.1608758370535714       0.13525285993303571        1.0315503111479363        2.8087450844900948E-002   2.1543924127876801E-003
          64   2.4399999999999999       -1.1702343052455357       0.14293631417410715        1.0373867638122800        3.1015320062637328E-002   2.5437863742141078E-003
          64   2.4300000000000002       -1.1829161551339287       0.15372310965401786        1.0936536945269197        3.5797414251736236E-002   3.3713943414225215E-003
          64   2.4199999999999999       -1.1927369559151786       0.16472202845982142        1.1459961395930476        4.0834998335157122E-002   4.2572380852252375E-003
          64   2.4100000000000001       -1.2043706752232144       0.17432697405133929        1.1735136658280445        4.5692626288958961E-002   5.2629445942530871E-003
          64   2.3999999999999999       -1.2164478236607144       0.19052622767857144        1.2381910258666393        5.3231764997754775E-002   6.7512105531733046E-003
          64   2.3900000000000001       -1.2291752232142856       0.20764805385044643        1.2763334684224124        6.2291363460677013E-002   8.8751153140621368E-003
          64   2.3799999999999999       -1.2423156389508929       0.22956365094866071        1.3374755738374458        7.4733878697667802E-002   1.2168503993020266E-002
          64   2.3700000000000001       -1.2559490792410715       0.25165656389508928        1.3954245836083412        8.8097124934196469E-002   1.5997432867658180E-002
          64   2.3599999999999999       -1.2716505301339285       0.27884797014508927        1.5247186055473332       0.10521867208821432        2.1438898172294270E-002
          64   2.3500000000000001       -1.2869940011160714       0.31306699916294645        1.6264469313701575       0.12865256069387709        2.9822767042507015E-002
          64   2.3399999999999999       -1.3030203683035715       0.34832683454241070        1.7111192155370194       0.15352813286440714        3.9060696944949395E-002
          64   2.3300000000000001       -1.3210181361607143       0.39358872767857145        1.7700260117597852       0.18808130111013141        5.3879276949503882E-002
          64   2.3199999999999998       -1.3375359235491071       0.43317149135044641        1.8990664335047387       0.22034817612171173        6.8904720497504068E-002
          64   2.3100000000000001       -1.3574224330357143       0.47835020228794645        1.9797880656168430       0.26048685446807318        9.0190349862060801E-002
          64   2.2999999999999998       -1.3778290318080357       0.52725474330357147        1.9379190156168802       0.30550356561797004       0.11572713083589849     
          64   2.2900000000000000       -1.3954331752232143       0.56502368164062500        1.9497322746713988       0.34231945591313501       0.13844346497771048     
          64   2.2799999999999998       -1.4137617187500000       0.60201168387276782        1.9560763021521386       0.38184779468604496       0.16606758438862562     
          64   2.2700000000000000       -1.4352770647321429       0.64024714006696426        1.8799352045941193       0.42492935681343080       0.19856656543890314     
          64   2.2599999999999998       -1.4518402622767856       0.66666863141741073        1.8200512365321355       0.45709123415606362       0.22526782879815196     
          64   2.2500000000000000       -1.4699732142857143       0.69591849190848210        1.7367265711769888       0.49363720394883837       0.25716316469742906     
          64   2.2400000000000002       -1.4863862304687501       0.71970828683035715        1.6564737568233787       0.52469753517423356       0.28638256353434854     
          64   2.2300000000000000       -1.5045583147321429       0.74204432896205352        1.5402790157733881       0.55563356115136830       0.31756593808635392     
          64   2.2199999999999998       -1.5186028878348214       0.75755029296874998        1.5238919369009314       0.57798235644612994       0.34182009581971523     
          64   2.2100000000000000       -1.5340193219866072       0.77330719866071429        1.4824063460291865       0.60118691226414267       0.36795688116192399     
          64   2.2000000000000002       -1.5480648716517857       0.78676234654017863        1.4220221211251718       0.62147441629001077       0.39164455462731834     
          64   2.1899999999999999       -1.5621304408482144       0.79907038225446425        1.3122119523815978       0.64043656100545610       0.41457110574096190     
          64   2.1800000000000002       -1.5740771484375000       0.80910916573660718        1.2645233039444210       0.65622116013935639       0.43444479833920074     
          64   2.1699999999999999       -1.5861436941964286       0.81876799665178568        1.2272866619181551       0.67172939487865990       0.45459432631471891     
          64   2.1600000000000001       -1.5989740513392856       0.82848367745535711        1.1940076056426721       0.68751506229809356       0.47558626311693475     
          64   2.1499999999999999       -1.6108626534598214       0.83693540736607142        1.1065968550942236       0.70135312315395903       0.49429937437020527     
          64   2.1400000000000001       -1.6213976004464286       0.84398890904017854        1.1099909072270440       0.71310377604620800       0.51067994881235568     
          64   2.1299999999999999       -1.6326471819196429       0.85114990234374999        1.0820573623210603       0.72515854815074376       0.52782929362195463     
          64   2.1200000000000001       -1.6425809849330357       0.85751388113839289        1.0258983798841967       0.73593351837566923       0.54333075167073508     
          64   2.1099999999999999       -1.6530326450892858       0.86352207728794639       0.98793298609269131       0.74620667694296161       0.55838857203605963     
          64   2.1000000000000001       -1.6623700474330356       0.86902933175223218       0.97385479226955762       0.75569665345123838       0.57250667263120136     
          64   2.0899999999999999       -1.6724656808035714       0.87466678292410716       0.91430091617668352       0.76547001756940569       0.58722833828032339     
          64   2.0800000000000001       -1.6813530970982142       0.87974142020089285       0.90237720618036876       0.77432608761106214       0.60073916250224102     
          64   2.0699999999999998       -1.6900088588169644       0.88426060267857143       0.87427673809593998       0.78225648413385662       0.61297236214000217     
          64   2.0600000000000001       -1.6986275809151785       0.88855018833705357       0.84664775905046163       0.78983552185126715       0.62481750253849411     
          64   2.0499999999999998       -1.7070026506696430       0.89300111607142862       0.83799064603698525       0.79773771715164188       0.63728919114782301     
          64   2.0400000000000000       -1.7152176339285714       0.89706166294642853       0.80259536795754105       0.80497845424924575       0.64881358021588653     
          64   2.0299999999999998       -1.7230737304687500       0.90076625279017852       0.80522637519945495       0.81162938983099797       0.65954234036077031     
          64   2.0200000000000000       -1.7310110212053571       0.90457477678571430       0.77221571365727681       0.81848134507451742       0.67064259389853642     
          64   2.0099999999999998       -1.7381752232142857       0.90796735491071423       0.75344662582827571       0.82460866277558464       0.68064617297155738     
          64   2.0000000000000000       -1.7455514090401785       0.91136544363839289       0.71455002080210761       0.83077331788199293       0.69079788234865191     
          64   1.8000000000000000       -1.8593957868303572       0.95690980747767862       0.43738819107332982       0.91572658334459578       0.83873847590502104     
          64   1.6000000000000001       -1.9283117327008930       0.97964826311383923       0.26463617808261114       0.95972771336351126       0.92114242793611789     
          64   1.3999999999999999       -1.9681041434151785       0.99139365931919643       0.14357824660395155       0.98286711990833286       0.96605029097273520     
          64   1.2000000000000000       -1.9886281389508929       0.99703449358258933        6.5872341455512171E-002  0.99407946414606907       0.98820066772907056     
          64   1.0000000000000000       -1.9973882533482143       0.99933377511160715        2.3907936780233285E-002  0.99866838492665977       0.99734010338009549     
          64  0.80000000000000004       -1.9999340820312499       0.99998346819196426        9.4482967085696124E-004  0.99996694598879132       0.99993393037149170     
          64  0.59999999999999987       -1.9999998604910714       0.99999996512276790        3.0999773217546252E-006  0.99999993026256562       0.99999986059321755     
          64  0.39999999999999991       -2.0000000000000000        1.0000000000000000        0.0000000000000000        1.0000000000000000        1.0000000000000000     
          64  0.19999999999999996       -2.0000000000000000        1.0000000000000000        0.0000000000000000        1.0000000000000000        1.0000000000000000     
         128   5.0000000000000000      -0.42832022530691966        1.0610133579799107E-002   9.7411113276266406E-002   1.7754390090703965E-004   9.6737645313387564E-008
         128   4.7999999999999998      -0.44879098074776785        1.0860351562500000E-002  0.11012632562458831        1.8609553149768283E-004   1.0504692301311584E-007
         128   4.5999999999999996      -0.47133140345982144        1.1266671316964285E-002  0.11927828298075582        1.9882601286683765E-004   1.1874846204297716E-007
         128   4.4000000000000004      -0.49706284877232143        1.1650207519531251E-002  0.13175298486929055        2.1390763244458606E-004   1.3814561070881113E-007
         128   4.2000000000000002      -0.52530723353794639        1.2105800083705357E-002  0.15117742137134760        2.3012934199401311E-004   1.5827185767425256E-007
         128   4.0000000000000000      -0.55735614885602680        1.2890093122209822E-002  0.16812021280060208        2.6061386189290457E-004   2.0469086057269985E-007
         128   3.7999999999999998      -0.59415536063058039        1.3819710867745536E-002  0.19781729392001168        2.9915467436824526E-004   2.6869209114983268E-007
         128   3.5999999999999996      -0.63663680594308036        1.5019714355468750E-002  0.22564519550095852        3.5228257626295092E-004   3.6885107328530976E-007
         128   3.3999999999999999      -0.68655794852120533        1.6483276367187501E-002  0.27133746373623469        4.2437745630741121E-004   5.2947300700442341E-007
         128   3.2000000000000002      -0.74561769321986604        1.8163530622209823E-002  0.33088873386333256        5.1762597369296205E-004   7.9061593756548004E-007
         128   3.0000000000000000      -0.81794846888950890        2.1210693359375001E-002  0.40759922795708309        7.0596041636807581E-004   1.4800002208761003E-006
         128   2.7999999999999998      -0.90885069056919643        2.6510986328125000E-002  0.51215402779921637        1.1059482885258539E-003   3.6728140754313123E-006
         128   2.5999999999999996       -1.0292587541852678        3.7870457240513390E-002  0.70275728946275129        2.2544169521757536E-003   1.5356005025760224E-005
         128   2.5000000000000000       -1.1075905064174107        5.0026620047433037E-002  0.86798313384817449        3.9349365968789369E-003   4.6542470970793068E-005
         128   2.4900000000000002       -1.1166360909598214        5.1967973981584821E-002  0.88355740233850788        4.2469537779688833E-003   5.3973756345000410E-005
         128   2.4800000000000000       -1.1254195033482144        5.3601745605468751E-002  0.91571466958656289        4.5201897120901516E-003   6.1230814340833124E-005
         128   2.4700000000000002       -1.1349527239118304        5.6576677594866072E-002  0.93493147932313425        5.0414731587682454E-003   7.6703166688643588E-005
         128   2.4600000000000000       -1.1441729387555803        5.9326285226004465E-002  0.97757499029335304        5.5348230994173462E-003   9.1595004862646357E-005
         128   2.4500000000000002       -1.1537426409040179        6.2681230817522318E-002  0.97711245128166813        6.1137645680989540E-003   1.0831231061964824E-004
         128   2.4399999999999999       -1.1642408970424107        6.4480486188616071E-002   1.0031191408037297        6.5527584893362864E-003   1.2768144209101350E-004
         128   2.4300000000000002       -1.1743105294363840        6.8502947126116071E-002   1.0468398408850306        7.3205377757549284E-003   1.5683178185925487E-004
         128   2.4199999999999999       -1.1847836914062500        7.3208783830915183E-002   1.0808773181104565        8.4091533156377928E-003   2.0840278407335708E-004
         128   2.4100000000000001       -1.1956830880301339        7.7921735491071425E-002   1.1179244237701584        9.4761322374854774E-003   2.6121612064156460E-004
         128   2.3999999999999999       -1.2067701590401785        8.2959943498883928E-002   1.1405438440173536        1.0724068254232406E-002   3.3448703051351940E-004
         128   2.3900000000000001       -1.2189416155133928        8.9098493303571433E-002   1.1968474180361206        1.2278172141739300E-002   4.2648138489186679E-004
         128   2.3799999999999999       -1.2304881766183036        9.8008614676339284E-002   1.2247168434412239        1.4752026234354291E-002   6.0544917948407819E-004
         128   2.3700000000000001       -1.2434553920200893       0.10767938232421875        1.3063239011706138        1.7766812621482782E-002   8.7098806171149957E-004
         128   2.3599999999999999       -1.2567498604910714       0.11970806012834821        1.3697374618537035        2.1742606150252478E-002   1.2695596787647449E-003
         128   2.3500000000000001       -1.2705368303571429       0.13368696812220981        1.3863073119813512        2.6928270939205374E-002   1.8825414057847248E-003
         128   2.3399999999999999       -1.2856277204241071       0.15606228201729910        1.4579359181362306        3.6287937857210635E-002   3.2911991982020423E-003
         128   2.3300000000000001       -1.3007720075334821       0.18303829520089285        1.6019955527330643        4.8750548179660527E-002   5.5164848816098488E-003
         128   2.3199999999999998       -1.3170859374999999       0.22307370431082590        1.7306916524231892        6.9541636499975412E-002   1.0130986526181412E-002
         128   2.3100000000000001       -1.3360909772600447       0.27878285435267858        1.9462734296645292       0.10248457377084665        1.9161977261889097E-002
         128   2.2999999999999998       -1.3564063895089287       0.35044041224888395        2.1559491216395203       0.15154467390264784        3.5859164624317659E-002
         128   2.2900000000000000       -1.3790174734933036       0.43871767752511159        2.2647400285974610       0.21872849099231617        6.3286665691513935E-002
         128   2.2799999999999998       -1.4018710763113840       0.51983142089843748        2.3039955076948635       0.28987263402981417        9.9139021521457885E-002
         128   2.2700000000000000       -1.4241025041852680       0.58741619001116074        2.1639273422702359       0.35729370748145239       0.14006378726681756     
         128   2.2599999999999998       -1.4444116559709821       0.63824898856026790        2.0649132258574490       0.41492996350995132       0.18161103881897356     
         128   2.2500000000000000       -1.4650221296037946       0.67855396379743305        1.9826188720000999       0.46500665740562336       0.22311021481718299     
         128   2.2400000000000002       -1.4838182896205356       0.71092299107142853        1.7503389764305075       0.50799004751656740       0.26260884265587592     
         128   2.2300000000000000       -1.5006555524553571       0.73476836286272318        1.6622212945189234       0.54156113419788221       0.29657937888125796     
         128   2.2199999999999998       -1.5174654889787946       0.75499688720703129        1.5822109592367122       0.57117607389496905       0.32872020651843148     
         128   2.2100000000000000       -1.5326853027343750       0.77130142647879463        1.5115316539903652       0.59575214579914293       0.35685053327421190     
         128   2.2000000000000002       -1.5467075020926340       0.78502861676897318        1.4262000547077607       0.61690978630525728       0.38210562586482205     
         128   2.1899999999999999       -1.5602569580078125       0.79745206996372764        1.3210095939604034       0.63643066148992100       0.40628724183740167     
         128   2.1800000000000002       -1.5738481445312500       0.80881945800781252        1.3286064218159033       0.65460051856083534       0.42955852973573166     
         128   2.1699999999999999       -1.5863481445312499       0.81878142438616075        1.2322090529144532       0.67073250683077745       0.45075071971049685     
         128   2.1600000000000001       -1.5982419433593751       0.82766362653459824        1.2066719939655275       0.68530820502553669       0.47040736442083353     
         128   2.1499999999999999       -1.6098406982421876       0.83574777657645094        1.1457513715858281       0.69871269877148523       0.48885812373343296     
         128   2.1400000000000001       -1.6211322195870537       0.84361499023437503        1.0891736525920352       0.71188507857067240       0.50734147999091384     
         128   2.1299999999999999       -1.6318127790178572       0.85045987374441967        1.0557224169206798       0.72346050893621783       0.52390744533879885     
         128   2.1200000000000001       -1.6421724679129464       0.85704447719029020        1.0276656927632442       0.73468165409671404       0.54021312935880639     
         128   2.1099999999999999       -1.6523520682198660       0.86317485700334817       0.99474207214668775       0.74520492872382915       0.55572762263244979     
         128   2.1000000000000001       -1.6620925118582590       0.86873856898716517       0.94691745702522045       0.75482763012072873       0.57012781473803342     
         128   2.0899999999999999       -1.6718045305524554       0.87431264822823662       0.92705339976424461       0.76453061710830250       0.58483574195562205     
         128   2.0800000000000001       -1.6807915736607142       0.87923445347377227       0.91451838448940237       0.77315065585608989       0.59806183817869540     
         128   2.0699999999999998       -1.6897383684430805       0.88401259940011157       0.87541421578133016       0.78156683059994658       0.61112230509109566     
         128   2.0600000000000001       -1.6987066127232142       0.88870389229910718       0.85945035518622781       0.78987447480431627       0.62415306039771923     
         128   2.0499999999999998       -1.7069640241350446       0.89288507080078128       0.83596537685984940       0.79731604844863924       0.63594260967245408     
         128   2.0400000000000000       -1.7151107526506697       0.89690184674944196       0.80703277318413214       0.80449841673352884       0.64742788171422339     
         128   2.0299999999999998       -1.7230553850446428       0.90083569335937497       0.77657099514770400       0.81156489599176818       0.65883158149892351     
         128   2.0200000000000000       -1.7309997035435267       0.90457093157087054       0.76054099464905367       0.81830322338108508       0.66979861185158363     
         128   2.0099999999999998       -1.7383168770926338       0.90797930036272323       0.74028550976639174       0.82447706645727159       0.67992911546606360     
         128   2.0000000000000000       -1.7458068324497769       0.91146402413504468       0.73400329937430797       0.83081362589555130       0.69040700056934567     
         128   1.8000000000000000       -1.8593325020926339       0.95688282121930801       0.44499341181815705       0.91563726950223956       0.83843748273160501     
         128   1.6000000000000001       -1.9282500174386161       0.97962624686104915       0.26224003273682678       0.95967178407843623       0.92098605169153580     
         128   1.3999999999999999       -1.9680107596261160       0.99136272321428576       0.14210230275072108       0.98280145623854231       0.96590423315808660     
         128   1.2000000000000000       -1.9885950578962053       0.99702532087053575        6.5385364268877311E-002  0.99405990833895552       0.98815676266855546     
         128   1.0000000000000000       -1.9971743861607143       0.99927949741908484        2.3025106500426773E-002  0.99855960841796232       0.99712166878910435     
         128  0.80000000000000004       -1.9997338867187500       0.99993305315290182        4.1070774614126995E-003  0.99986612101324968       0.99973230084003240     
         128  0.59999999999999987       -1.9999997907366072       0.99999994768415179        4.6482859438078293E-006  0.99999989537468981       0.99999979077492129     
         128  0.39999999999999991       -2.0000000000000000        1.0000000000000000        0.0000000000000000        1.0000000000000000        1.0000000000000000     
         128  0.19999999999999996       -2.0000000000000000        1.0000000000000000        0.0000000000000000        1.0000000000000000        1.0000000000000000     
